# swirl-format: 1
# swirl-version: 0.1.0.dev0
# quantity: reflectance
# [chlorite_noisy] meta: {"synthetic": true, "end_member": "chlorite", "label": "Chlorite (Fe-Mg intermediate: FeOH ~2253 nm, MgOH ~2340 nm)", "seed": [20260925, 0]}
# [chlorite_noisy] history: [{"name": "synthesize", "params": {"end_member": {"key": "chlorite", "label": "Chlorite (Fe-Mg intermediate: FeOH ~2253 nm, MgOH ~2340 nm)", "continuum": [[350.0, 0.18], [600.0, 0.32], [1000.0, 0.42], [1400.0, 0.48], [2000.0, 0.48], [2500.0, 0.42]], "features": [{"center": 1050.0, "fwhm": 350.0, "depth": 0.15, "assignment": "Fe2+ crystal field"}, {"center": 1395.0, "fwhm": 25.0, "depth": 0.08, "assignment": "OH"}, {"center": 1910.0, "fwhm": 50.0, "depth": 0.05, "assignment": "H2O"}, {"center": 2253.0, "fwhm": 30.0, "depth": 0.18, "assignment": "FeOH"}, {"center": 2340.0, "fwhm": 45.0, "depth": 0.3, "assignment": "MgOH"}]}}, "swirl_version": "0.1.0.dev0"}, {"name": "add_noise", "params": {"base": 0.0015, "low_boost": 4.0, "low_scale": 30.0, "high_boost": 3.0, "high_scale": 60.0}, "swirl_version": "0.1.0.dev0"}, {"name": "apply_splice_offsets", "params": {"vnir": -0.013630437536564483, "swir2": -0.009138775137603689}, "swirl_version": "0.1.0.dev0"}]
wavelength_nm,chlorite_noisy
350.0000,0.189013
351.0000,0.181284
352.0000,0.177725
353.0000,0.190412
354.0000,0.176784
355.0000,0.185907
356.0000,0.175955
357.0000,0.181560
358.0000,0.177544
359.0000,0.184663
360.0000,0.182317
361.0000,0.190530
362.0000,0.180959
363.0000,0.182311
364.0000,0.180337
365.0000,0.188200
366.0000,0.180857
367.0000,0.198355
368.0000,0.183865
369.0000,0.184210
370.0000,0.189956
371.0000,0.188050
372.0000,0.187100
373.0000,0.198678
374.0000,0.196347
375.0000,0.195652
376.0000,0.198637
377.0000,0.195894
378.0000,0.192144
379.0000,0.197931
380.0000,0.193506
381.0000,0.194491
382.0000,0.195001
383.0000,0.197225
384.0000,0.201286
385.0000,0.197708
386.0000,0.201239
387.0000,0.203078
388.0000,0.205558
389.0000,0.203018
390.0000,0.206035
391.0000,0.200523
392.0000,0.205991
393.0000,0.210210
394.0000,0.202910
395.0000,0.206353
396.0000,0.209210
397.0000,0.214639
398.0000,0.208134
399.0000,0.207078
400.0000,0.210164
401.0000,0.209139
402.0000,0.211800
403.0000,0.208390
404.0000,0.212570
405.0000,0.214990
406.0000,0.214762
407.0000,0.218244
408.0000,0.218786
409.0000,0.215819
410.0000,0.217697
411.0000,0.221192
412.0000,0.218588
413.0000,0.218824
414.0000,0.225959
415.0000,0.222771
416.0000,0.217980
417.0000,0.222844
418.0000,0.225597
419.0000,0.222120
420.0000,0.221924
421.0000,0.224831
422.0000,0.221518
423.0000,0.223359
424.0000,0.224575
425.0000,0.225978
426.0000,0.225607
427.0000,0.227460
428.0000,0.230451
429.0000,0.228675
430.0000,0.228370
431.0000,0.228031
432.0000,0.232183
433.0000,0.230608
434.0000,0.233714
435.0000,0.234363
436.0000,0.234143
437.0000,0.235824
438.0000,0.235603
439.0000,0.232437
440.0000,0.238348
441.0000,0.236358
442.0000,0.237363
443.0000,0.235531
444.0000,0.239565
445.0000,0.239399
446.0000,0.240673
447.0000,0.241411
448.0000,0.240065
449.0000,0.242029
450.0000,0.241272
451.0000,0.244901
452.0000,0.243696
453.0000,0.242170
454.0000,0.245874
455.0000,0.242531
456.0000,0.244806
457.0000,0.245272
458.0000,0.246945
459.0000,0.247734
460.0000,0.247996
461.0000,0.248677
462.0000,0.249987
463.0000,0.251549
464.0000,0.249434
465.0000,0.251788
466.0000,0.248962
467.0000,0.252271
468.0000,0.252288
469.0000,0.255195
470.0000,0.253399
471.0000,0.257479
472.0000,0.254639
473.0000,0.253843
474.0000,0.254740
475.0000,0.254958
476.0000,0.256745
477.0000,0.257956
478.0000,0.257710
479.0000,0.257525
480.0000,0.258589
481.0000,0.260169
482.0000,0.258458
483.0000,0.260542
484.0000,0.262870
485.0000,0.261901
486.0000,0.261903
487.0000,0.262783
488.0000,0.265355
489.0000,0.264842
490.0000,0.266317
491.0000,0.264643
492.0000,0.266116
493.0000,0.266541
494.0000,0.265073
495.0000,0.267490
496.0000,0.269197
497.0000,0.265581
498.0000,0.269762
499.0000,0.270891
500.0000,0.268547
501.0000,0.271889
502.0000,0.272880
503.0000,0.273853
504.0000,0.273190
505.0000,0.274533
506.0000,0.274123
507.0000,0.273812
508.0000,0.275586
509.0000,0.274791
510.0000,0.277558
511.0000,0.275365
512.0000,0.278760
513.0000,0.275031
514.0000,0.277950
515.0000,0.277133
516.0000,0.279550
517.0000,0.277898
518.0000,0.279825
519.0000,0.281648
520.0000,0.281618
521.0000,0.283014
522.0000,0.282331
523.0000,0.282196
524.0000,0.284561
525.0000,0.282211
526.0000,0.280592
527.0000,0.283609
528.0000,0.286839
529.0000,0.285353
530.0000,0.284903
531.0000,0.288770
532.0000,0.287261
533.0000,0.289922
534.0000,0.285393
535.0000,0.289583
536.0000,0.289423
537.0000,0.290466
538.0000,0.291007
539.0000,0.289267
540.0000,0.291749
541.0000,0.293175
542.0000,0.293557
543.0000,0.295090
544.0000,0.290740
545.0000,0.290040
546.0000,0.296879
547.0000,0.293411
548.0000,0.293106
549.0000,0.294748
550.0000,0.296794
551.0000,0.296980
552.0000,0.296756
553.0000,0.298584
554.0000,0.296950
555.0000,0.297858
556.0000,0.299060
557.0000,0.297650
558.0000,0.296269
559.0000,0.300391
560.0000,0.301626
561.0000,0.303775
562.0000,0.298410
563.0000,0.300772
564.0000,0.301148
565.0000,0.304156
566.0000,0.302672
567.0000,0.301986
568.0000,0.300854
569.0000,0.304094
570.0000,0.304756
571.0000,0.301612
572.0000,0.304322
573.0000,0.304142
574.0000,0.305346
575.0000,0.305824
576.0000,0.309045
577.0000,0.308057
578.0000,0.307438
579.0000,0.306431
580.0000,0.306996
581.0000,0.308870
582.0000,0.307877
583.0000,0.308809
584.0000,0.309834
585.0000,0.309350
586.0000,0.312234
587.0000,0.310410
588.0000,0.311371
589.0000,0.310336
590.0000,0.313681
591.0000,0.312960
592.0000,0.313827
593.0000,0.313919
594.0000,0.314189
595.0000,0.315224
596.0000,0.310782
597.0000,0.313093
598.0000,0.313907
599.0000,0.316762
600.0000,0.316034
601.0000,0.315003
602.0000,0.315170
603.0000,0.318293
604.0000,0.315170
605.0000,0.317927
606.0000,0.316878
607.0000,0.319329
608.0000,0.318293
609.0000,0.317102
610.0000,0.315978
611.0000,0.318657
612.0000,0.318689
613.0000,0.319675
614.0000,0.321635
615.0000,0.320481
616.0000,0.320292
617.0000,0.324821
618.0000,0.319999
619.0000,0.322718
620.0000,0.320723
621.0000,0.324532
622.0000,0.323918
623.0000,0.323938
624.0000,0.322303
625.0000,0.324397
626.0000,0.323657
627.0000,0.324253
628.0000,0.322517
629.0000,0.323768
630.0000,0.327133
631.0000,0.325292
632.0000,0.329514
633.0000,0.326182
634.0000,0.326098
635.0000,0.327064
636.0000,0.328527
637.0000,0.325619
638.0000,0.329331
639.0000,0.326908
640.0000,0.326743
641.0000,0.327535
642.0000,0.329401
643.0000,0.329073
644.0000,0.331104
645.0000,0.329664
646.0000,0.330465
647.0000,0.329348
648.0000,0.329228
649.0000,0.333059
650.0000,0.330816
651.0000,0.335269
652.0000,0.331534
653.0000,0.332446
654.0000,0.332958
655.0000,0.333692
656.0000,0.334627
657.0000,0.332020
658.0000,0.335522
659.0000,0.334706
660.0000,0.331807
661.0000,0.331402
662.0000,0.333198
663.0000,0.333965
664.0000,0.332305
665.0000,0.335700
666.0000,0.336320
667.0000,0.335841
668.0000,0.335806
669.0000,0.336287
670.0000,0.337134
671.0000,0.336992
672.0000,0.337842
673.0000,0.338564
674.0000,0.338001
675.0000,0.336675
676.0000,0.338590
677.0000,0.338423
678.0000,0.338125
679.0000,0.340192
680.0000,0.339624
681.0000,0.337702
682.0000,0.340826
683.0000,0.341544
684.0000,0.340030
685.0000,0.340603
686.0000,0.340900
687.0000,0.342092
688.0000,0.340292
689.0000,0.341921
690.0000,0.339790
691.0000,0.343314
692.0000,0.340850
693.0000,0.343505
694.0000,0.344132
695.0000,0.342037
696.0000,0.342403
697.0000,0.340900
698.0000,0.342265
699.0000,0.343682
700.0000,0.343047
701.0000,0.343196
702.0000,0.344363
703.0000,0.347214
704.0000,0.345090
705.0000,0.347432
706.0000,0.346355
707.0000,0.345043
708.0000,0.347862
709.0000,0.344500
710.0000,0.345020
711.0000,0.340477
712.0000,0.344836
713.0000,0.346489
714.0000,0.347360
715.0000,0.345893
716.0000,0.345290
717.0000,0.347998
718.0000,0.346973
719.0000,0.350940
720.0000,0.348768
721.0000,0.348958
722.0000,0.350349
723.0000,0.350774
724.0000,0.347954
725.0000,0.349131
726.0000,0.350710
727.0000,0.349118
728.0000,0.347505
729.0000,0.351877
730.0000,0.352600
731.0000,0.348476
732.0000,0.350755
733.0000,0.351714
734.0000,0.349108
735.0000,0.351978
736.0000,0.350034
737.0000,0.350996
738.0000,0.351609
739.0000,0.353339
740.0000,0.348295
741.0000,0.352815
742.0000,0.353125
743.0000,0.353056
744.0000,0.354078
745.0000,0.351921
746.0000,0.354403
747.0000,0.355081
748.0000,0.352896
749.0000,0.357036
750.0000,0.353572
751.0000,0.354544
752.0000,0.355284
753.0000,0.355310
754.0000,0.355003
755.0000,0.353022
756.0000,0.356820
757.0000,0.354536
758.0000,0.354338
759.0000,0.356172
760.0000,0.353842
761.0000,0.355058
762.0000,0.354730
763.0000,0.356895
764.0000,0.357156
765.0000,0.357066
766.0000,0.354587
767.0000,0.357026
768.0000,0.357463
769.0000,0.353182
770.0000,0.353887
771.0000,0.355356
772.0000,0.357970
773.0000,0.356816
774.0000,0.357042
775.0000,0.357749
776.0000,0.356830
777.0000,0.356946
778.0000,0.354138
779.0000,0.357543
780.0000,0.358317
781.0000,0.359229
782.0000,0.353808
783.0000,0.356317
784.0000,0.356351
785.0000,0.356926
786.0000,0.359612
787.0000,0.358792
788.0000,0.358402
789.0000,0.357477
790.0000,0.358367
791.0000,0.356261
792.0000,0.358712
793.0000,0.358802
794.0000,0.357986
795.0000,0.361049
796.0000,0.356539
797.0000,0.359869
798.0000,0.356588
799.0000,0.359152
800.0000,0.358339
801.0000,0.359075
802.0000,0.358727
803.0000,0.361838
804.0000,0.359957
805.0000,0.360707
806.0000,0.359212
807.0000,0.358347
808.0000,0.360416
809.0000,0.361518
810.0000,0.363003
811.0000,0.360078
812.0000,0.360838
813.0000,0.360267
814.0000,0.359518
815.0000,0.360075
816.0000,0.362168
817.0000,0.356729
818.0000,0.362184
819.0000,0.358354
820.0000,0.361437
821.0000,0.360153
822.0000,0.361299
823.0000,0.359650
824.0000,0.361070
825.0000,0.359945
826.0000,0.363687
827.0000,0.360567
828.0000,0.360954
829.0000,0.360028
830.0000,0.359826
831.0000,0.361631
832.0000,0.358936
833.0000,0.359514
834.0000,0.359131
835.0000,0.362501
836.0000,0.361292
837.0000,0.363105
838.0000,0.361030
839.0000,0.361851
840.0000,0.360933
841.0000,0.362559
842.0000,0.361050
843.0000,0.361645
844.0000,0.360345
845.0000,0.361583
846.0000,0.359652
847.0000,0.363869
848.0000,0.358880
849.0000,0.361495
850.0000,0.362293
851.0000,0.362089
852.0000,0.361618
853.0000,0.359399
854.0000,0.360454
855.0000,0.358928
856.0000,0.361471
857.0000,0.360043
858.0000,0.357403
859.0000,0.362072
860.0000,0.362485
861.0000,0.359355
862.0000,0.361124
863.0000,0.361179
864.0000,0.359295
865.0000,0.360588
866.0000,0.360025
867.0000,0.359781
868.0000,0.362080
869.0000,0.361111
870.0000,0.360347
871.0000,0.362113
872.0000,0.359100
873.0000,0.363416
874.0000,0.362905
875.0000,0.361510
876.0000,0.362051
877.0000,0.358725
878.0000,0.361802
879.0000,0.360100
880.0000,0.360848
881.0000,0.360352
882.0000,0.361791
883.0000,0.362306
884.0000,0.359503
885.0000,0.358507
886.0000,0.361422
887.0000,0.361509
888.0000,0.360415
889.0000,0.358172
890.0000,0.358715
891.0000,0.358375
892.0000,0.358565
893.0000,0.360414
894.0000,0.358296
895.0000,0.361577
896.0000,0.360229
897.0000,0.358313
898.0000,0.359427
899.0000,0.356531
900.0000,0.358848
901.0000,0.357462
902.0000,0.361221
903.0000,0.358792
904.0000,0.360020
905.0000,0.360637
906.0000,0.359357
907.0000,0.359108
908.0000,0.359391
909.0000,0.360318
910.0000,0.357654
911.0000,0.359348
912.0000,0.359889
913.0000,0.356511
914.0000,0.358683
915.0000,0.358911
916.0000,0.358046
917.0000,0.360858
918.0000,0.356433
919.0000,0.361547
920.0000,0.357735
921.0000,0.357828
922.0000,0.360429
923.0000,0.360622
924.0000,0.360724
925.0000,0.355263
926.0000,0.356791
927.0000,0.357734
928.0000,0.355983
929.0000,0.358145
930.0000,0.359434
931.0000,0.355771
932.0000,0.358997
933.0000,0.358505
934.0000,0.355739
935.0000,0.356317
936.0000,0.359031
937.0000,0.358891
938.0000,0.358435
939.0000,0.357407
940.0000,0.359280
941.0000,0.356320
942.0000,0.357038
943.0000,0.355857
944.0000,0.354443
945.0000,0.355735
946.0000,0.356024
947.0000,0.355227
948.0000,0.359497
949.0000,0.356774
950.0000,0.355775
951.0000,0.353943
952.0000,0.355953
953.0000,0.353326
954.0000,0.356122
955.0000,0.354739
956.0000,0.356378
957.0000,0.354736
958.0000,0.356405
959.0000,0.357968
960.0000,0.358030
961.0000,0.358414
962.0000,0.355909
963.0000,0.356115
964.0000,0.355781
965.0000,0.354537
966.0000,0.356126
967.0000,0.355615
968.0000,0.359236
969.0000,0.358018
970.0000,0.357510
971.0000,0.355728
972.0000,0.353165
973.0000,0.356786
974.0000,0.356273
975.0000,0.357829
976.0000,0.354589
977.0000,0.355741
978.0000,0.357326
979.0000,0.356566
980.0000,0.354741
981.0000,0.354993
982.0000,0.355718
983.0000,0.356115
984.0000,0.354327
985.0000,0.356022
986.0000,0.355059
987.0000,0.356332
988.0000,0.357945
989.0000,0.356307
990.0000,0.357176
991.0000,0.354858
992.0000,0.353706
993.0000,0.355980
994.0000,0.352647
995.0000,0.354055
996.0000,0.354817
997.0000,0.356300
998.0000,0.353004
999.0000,0.356291
1000.0000,0.354013
1001.0000,0.360105
1002.0000,0.364206
1003.0000,0.361315
1004.0000,0.363333
1005.0000,0.361102
1006.0000,0.361011
1007.0000,0.359396
1008.0000,0.357316
1009.0000,0.361929
1010.0000,0.361386
1011.0000,0.361416
1012.0000,0.361218
1013.0000,0.359943
1014.0000,0.361853
1015.0000,0.361368
1016.0000,0.360126
1017.0000,0.361049
1018.0000,0.359586
1019.0000,0.363076
1020.0000,0.362028
1021.0000,0.362191
1022.0000,0.361310
1023.0000,0.360579
1024.0000,0.361417
1025.0000,0.360570
1026.0000,0.364471
1027.0000,0.361583
1028.0000,0.362075
1029.0000,0.361572
1030.0000,0.363359
1031.0000,0.362838
1032.0000,0.363536
1033.0000,0.361935
1034.0000,0.362168
1035.0000,0.361604
1036.0000,0.364893
1037.0000,0.362928
1038.0000,0.366756
1039.0000,0.364878
1040.0000,0.363981
1041.0000,0.364157
1042.0000,0.362439
1043.0000,0.366818
1044.0000,0.362465
1045.0000,0.367361
1046.0000,0.364354
1047.0000,0.364786
1048.0000,0.365253
1049.0000,0.364323
1050.0000,0.365529
1051.0000,0.364383
1052.0000,0.365850
1053.0000,0.365050
1054.0000,0.364432
1055.0000,0.367295
1056.0000,0.365065
1057.0000,0.367327
1058.0000,0.369181
1059.0000,0.368017
1060.0000,0.368731
1061.0000,0.366965
1062.0000,0.366335
1063.0000,0.367370
1064.0000,0.366957
1065.0000,0.369521
1066.0000,0.367170
1067.0000,0.366511
1068.0000,0.371552
1069.0000,0.368036
1070.0000,0.370852
1071.0000,0.371574
1072.0000,0.371752
1073.0000,0.369656
1074.0000,0.368965
1075.0000,0.370010
1076.0000,0.369223
1077.0000,0.370692
1078.0000,0.371789
1079.0000,0.371396
1080.0000,0.372495
1081.0000,0.374165
1082.0000,0.371963
1083.0000,0.372451
1084.0000,0.373552
1085.0000,0.371843
1086.0000,0.370812
1087.0000,0.374775
1088.0000,0.374630
1089.0000,0.375975
1090.0000,0.376516
1091.0000,0.375419
1092.0000,0.378535
1093.0000,0.373819
1094.0000,0.375696
1095.0000,0.375213
1096.0000,0.374381
1097.0000,0.376235
1098.0000,0.378786
1099.0000,0.377977
1100.0000,0.375278
1101.0000,0.376852
1102.0000,0.379316
1103.0000,0.376730
1104.0000,0.379889
1105.0000,0.378807
1106.0000,0.378736
1107.0000,0.380756
1108.0000,0.379768
1109.0000,0.381944
1110.0000,0.382450
1111.0000,0.381931
1112.0000,0.380888
1113.0000,0.382610
1114.0000,0.380347
1115.0000,0.383955
1116.0000,0.381545
1117.0000,0.381194
1118.0000,0.384042
1119.0000,0.386829
1120.0000,0.385487
1121.0000,0.385021
1122.0000,0.385667
1123.0000,0.384704
1124.0000,0.383571
1125.0000,0.386447
1126.0000,0.385260
1127.0000,0.389131
1128.0000,0.388038
1129.0000,0.390238
1130.0000,0.388126
1131.0000,0.387458
1132.0000,0.388201
1133.0000,0.390426
1134.0000,0.389166
1135.0000,0.389370
1136.0000,0.391026
1137.0000,0.391022
1138.0000,0.391623
1139.0000,0.391334
1140.0000,0.393855
1141.0000,0.391206
1142.0000,0.393606
1143.0000,0.390551
1144.0000,0.395233
1145.0000,0.392990
1146.0000,0.394351
1147.0000,0.396183
1148.0000,0.395015
1149.0000,0.393466
1150.0000,0.396059
1151.0000,0.401507
1152.0000,0.395831
1153.0000,0.397354
1154.0000,0.396935
1155.0000,0.397215
1156.0000,0.398129
1157.0000,0.399035
1158.0000,0.396638
1159.0000,0.402257
1160.0000,0.400518
1161.0000,0.401419
1162.0000,0.398013
1163.0000,0.399882
1164.0000,0.403695
1165.0000,0.403515
1166.0000,0.405784
1167.0000,0.401562
1168.0000,0.405280
1169.0000,0.402690
1170.0000,0.405675
1171.0000,0.403475
1172.0000,0.405515
1173.0000,0.407901
1174.0000,0.405860
1175.0000,0.404816
1176.0000,0.408795
1177.0000,0.409203
1178.0000,0.410281
1179.0000,0.409098
1180.0000,0.409370
1181.0000,0.412543
1182.0000,0.410402
1183.0000,0.411822
1184.0000,0.410277
1185.0000,0.409843
1186.0000,0.410694
1187.0000,0.411751
1188.0000,0.412042
1189.0000,0.411567
1190.0000,0.414454
1191.0000,0.416974
1192.0000,0.411591
1193.0000,0.414540
1194.0000,0.416175
1195.0000,0.417807
1196.0000,0.414761
1197.0000,0.415270
1198.0000,0.418664
1199.0000,0.416502
1200.0000,0.416246
1201.0000,0.418898
1202.0000,0.415398
1203.0000,0.420049
1204.0000,0.415866
1205.0000,0.422967
1206.0000,0.418255
1207.0000,0.423676
1208.0000,0.421511
1209.0000,0.422426
1210.0000,0.424374
1211.0000,0.424294
1212.0000,0.423974
1213.0000,0.423271
1214.0000,0.424588
1215.0000,0.421774
1216.0000,0.426717
1217.0000,0.424321
1218.0000,0.430125
1219.0000,0.424282
1220.0000,0.425163
1221.0000,0.428781
1222.0000,0.430541
1223.0000,0.428419
1224.0000,0.429714
1225.0000,0.427985
1226.0000,0.431642
1227.0000,0.428159
1228.0000,0.430929
1229.0000,0.427951
1230.0000,0.429236
1231.0000,0.431769
1232.0000,0.429900
1233.0000,0.433315
1234.0000,0.431370
1235.0000,0.432365
1236.0000,0.437221
1237.0000,0.435759
1238.0000,0.433343
1239.0000,0.435980
1240.0000,0.436804
1241.0000,0.432734
1242.0000,0.434865
1243.0000,0.437076
1244.0000,0.434899
1245.0000,0.437657
1246.0000,0.436103
1247.0000,0.436228
1248.0000,0.439276
1249.0000,0.438815
1250.0000,0.436592
1251.0000,0.437528
1252.0000,0.440569
1253.0000,0.439451
1254.0000,0.438546
1255.0000,0.441100
1256.0000,0.439865
1257.0000,0.441697
1258.0000,0.441155
1259.0000,0.444917
1260.0000,0.444290
1261.0000,0.445713
1262.0000,0.442300
1263.0000,0.444594
1264.0000,0.446376
1265.0000,0.444419
1266.0000,0.446025
1267.0000,0.445257
1268.0000,0.445001
1269.0000,0.446738
1270.0000,0.447769
1271.0000,0.446643
1272.0000,0.448204
1273.0000,0.448193
1274.0000,0.447198
1275.0000,0.446185
1276.0000,0.449891
1277.0000,0.450465
1278.0000,0.447748
1279.0000,0.449377
1280.0000,0.450627
1281.0000,0.450584
1282.0000,0.451317
1283.0000,0.454863
1284.0000,0.450955
1285.0000,0.452561
1286.0000,0.452252
1287.0000,0.453378
1288.0000,0.454543
1289.0000,0.454001
1290.0000,0.455174
1291.0000,0.455285
1292.0000,0.455333
1293.0000,0.452576
1294.0000,0.453959
1295.0000,0.455465
1296.0000,0.452578
1297.0000,0.455121
1298.0000,0.456037
1299.0000,0.456055
1300.0000,0.458497
1301.0000,0.457985
1302.0000,0.458075
1303.0000,0.456356
1304.0000,0.458559
1305.0000,0.456584
1306.0000,0.462017
1307.0000,0.459415
1308.0000,0.459384
1309.0000,0.459935
1310.0000,0.459360
1311.0000,0.463378
1312.0000,0.460614
1313.0000,0.459225
1314.0000,0.460309
1315.0000,0.459646
1316.0000,0.463967
1317.0000,0.460312
1318.0000,0.461704
1319.0000,0.462700
1320.0000,0.463925
1321.0000,0.465174
1322.0000,0.464385
1323.0000,0.464647
1324.0000,0.464047
1325.0000,0.463056
1326.0000,0.462356
1327.0000,0.463694
1328.0000,0.464422
1329.0000,0.463305
1330.0000,0.465116
1331.0000,0.466110
1332.0000,0.464409
1333.0000,0.466538
1334.0000,0.467512
1335.0000,0.467373
1336.0000,0.464867
1337.0000,0.468299
1338.0000,0.467107
1339.0000,0.468636
1340.0000,0.466606
1341.0000,0.469601
1342.0000,0.466995
1343.0000,0.467338
1344.0000,0.466176
1345.0000,0.469711
1346.0000,0.467614
1347.0000,0.468355
1348.0000,0.470208
1349.0000,0.467114
1350.0000,0.471960
1351.0000,0.468985
1352.0000,0.469572
1353.0000,0.468978
1354.0000,0.467842
1355.0000,0.470129
1356.0000,0.471653
1357.0000,0.466120
1358.0000,0.470992
1359.0000,0.470566
1360.0000,0.473063
1361.0000,0.470197
1362.0000,0.471169
1363.0000,0.470036
1364.0000,0.468375
1365.0000,0.469641
1366.0000,0.472411
1367.0000,0.469105
1368.0000,0.471871
1369.0000,0.469131
1370.0000,0.470569
1371.0000,0.470483
1372.0000,0.467243
1373.0000,0.469578
1374.0000,0.468091
1375.0000,0.464911
1376.0000,0.465805
1377.0000,0.466704
1378.0000,0.461735
1379.0000,0.459839
1380.0000,0.459968
1381.0000,0.457919
1382.0000,0.455415
1383.0000,0.452728
1384.0000,0.453487
1385.0000,0.448350
1386.0000,0.447455
1387.0000,0.443361
1388.0000,0.445553
1389.0000,0.443370
1390.0000,0.439812
1391.0000,0.442683
1392.0000,0.441323
1393.0000,0.438519
1394.0000,0.437593
1395.0000,0.434764
1396.0000,0.438033
1397.0000,0.436157
1398.0000,0.437098
1399.0000,0.441037
1400.0000,0.442872
1401.0000,0.443328
1402.0000,0.445013
1403.0000,0.448735
1404.0000,0.450243
1405.0000,0.451575
1406.0000,0.456046
1407.0000,0.454575
1408.0000,0.456262
1409.0000,0.461055
1410.0000,0.462412
1411.0000,0.462710
1412.0000,0.464522
1413.0000,0.465661
1414.0000,0.469695
1415.0000,0.470978
1416.0000,0.469710
1417.0000,0.471980
1418.0000,0.471752
1419.0000,0.474785
1420.0000,0.475251
1421.0000,0.473922
1422.0000,0.476174
1423.0000,0.477172
1424.0000,0.479713
1425.0000,0.478053
1426.0000,0.476652
1427.0000,0.473906
1428.0000,0.477482
1429.0000,0.477323
1430.0000,0.477510
1431.0000,0.477892
1432.0000,0.476610
1433.0000,0.475607
1434.0000,0.475864
1435.0000,0.478034
1436.0000,0.477079
1437.0000,0.475588
1438.0000,0.476276
1439.0000,0.477763
1440.0000,0.478008
1441.0000,0.477413
1442.0000,0.479741
1443.0000,0.478359
1444.0000,0.477427
1445.0000,0.477901
1446.0000,0.477274
1447.0000,0.479052
1448.0000,0.479433
1449.0000,0.477500
1450.0000,0.478762
1451.0000,0.479048
1452.0000,0.478362
1453.0000,0.474021
1454.0000,0.478039
1455.0000,0.479128
1456.0000,0.476627
1457.0000,0.477239
1458.0000,0.477244
1459.0000,0.478048
1460.0000,0.477485
1461.0000,0.479223
1462.0000,0.477032
1463.0000,0.477316
1464.0000,0.478426
1465.0000,0.478621
1466.0000,0.480849
1467.0000,0.478926
1468.0000,0.478833
1469.0000,0.478421
1470.0000,0.478243
1471.0000,0.479098
1472.0000,0.480635
1473.0000,0.478917
1474.0000,0.480037
1475.0000,0.479252
1476.0000,0.478315
1477.0000,0.476270
1478.0000,0.476482
1479.0000,0.479907
1480.0000,0.477519
1481.0000,0.482717
1482.0000,0.477793
1483.0000,0.480337
1484.0000,0.481598
1485.0000,0.479157
1486.0000,0.477513
1487.0000,0.477647
1488.0000,0.477485
1489.0000,0.476267
1490.0000,0.481852
1491.0000,0.479634
1492.0000,0.480533
1493.0000,0.480141
1494.0000,0.477867
1495.0000,0.478512
1496.0000,0.481074
1497.0000,0.477103
1498.0000,0.479139
1499.0000,0.481968
1500.0000,0.477319
1501.0000,0.478707
1502.0000,0.480061
1503.0000,0.480062
1504.0000,0.479191
1505.0000,0.479923
1506.0000,0.480077
1507.0000,0.479910
1508.0000,0.476912
1509.0000,0.478270
1510.0000,0.482448
1511.0000,0.478403
1512.0000,0.481365
1513.0000,0.478047
1514.0000,0.480022
1515.0000,0.477269
1516.0000,0.480064
1517.0000,0.476161
1518.0000,0.479038
1519.0000,0.479051
1520.0000,0.477760
1521.0000,0.479167
1522.0000,0.480014
1523.0000,0.478341
1524.0000,0.477788
1525.0000,0.478461
1526.0000,0.481497
1527.0000,0.479668
1528.0000,0.484589
1529.0000,0.478575
1530.0000,0.477850
1531.0000,0.479824
1532.0000,0.480500
1533.0000,0.478778
1534.0000,0.479767
1535.0000,0.479151
1536.0000,0.477135
1537.0000,0.479791
1538.0000,0.481644
1539.0000,0.482966
1540.0000,0.478241
1541.0000,0.478506
1542.0000,0.481906
1543.0000,0.479609
1544.0000,0.479943
1545.0000,0.479840
1546.0000,0.475897
1547.0000,0.479359
1548.0000,0.483306
1549.0000,0.480093
1550.0000,0.479130
1551.0000,0.481703
1552.0000,0.482221
1553.0000,0.481750
1554.0000,0.478365
1555.0000,0.479217
1556.0000,0.478027
1557.0000,0.479196
1558.0000,0.483456
1559.0000,0.477972
1560.0000,0.479511
1561.0000,0.480359
1562.0000,0.480425
1563.0000,0.480632
1564.0000,0.483380
1565.0000,0.481084
1566.0000,0.478994
1567.0000,0.477787
1568.0000,0.479583
1569.0000,0.480171
1570.0000,0.479759
1571.0000,0.478805
1572.0000,0.478162
1573.0000,0.478560
1574.0000,0.481168
1575.0000,0.478995
1576.0000,0.479912
1577.0000,0.480535
1578.0000,0.478248
1579.0000,0.480133
1580.0000,0.478676
1581.0000,0.479541
1582.0000,0.481758
1583.0000,0.482302
1584.0000,0.482075
1585.0000,0.481389
1586.0000,0.477928
1587.0000,0.478940
1588.0000,0.479951
1589.0000,0.477952
1590.0000,0.479994
1591.0000,0.477367
1592.0000,0.482728
1593.0000,0.478269
1594.0000,0.479195
1595.0000,0.479830
1596.0000,0.479186
1597.0000,0.482472
1598.0000,0.481181
1599.0000,0.479556
1600.0000,0.482146
1601.0000,0.478762
1602.0000,0.479424
1603.0000,0.479234
1604.0000,0.479078
1605.0000,0.478705
1606.0000,0.476571
1607.0000,0.479768
1608.0000,0.480891
1609.0000,0.479133
1610.0000,0.480622
1611.0000,0.480509
1612.0000,0.482558
1613.0000,0.479236
1614.0000,0.476947
1615.0000,0.478934
1616.0000,0.477715
1617.0000,0.481167
1618.0000,0.482549
1619.0000,0.480881
1620.0000,0.479594
1621.0000,0.480002
1622.0000,0.480397
1623.0000,0.478777
1624.0000,0.476859
1625.0000,0.478774
1626.0000,0.479102
1627.0000,0.481464
1628.0000,0.483190
1629.0000,0.481003
1630.0000,0.482531
1631.0000,0.480946
1632.0000,0.479316
1633.0000,0.480949
1634.0000,0.477945
1635.0000,0.478766
1636.0000,0.481680
1637.0000,0.479189
1638.0000,0.476221
1639.0000,0.477876
1640.0000,0.479556
1641.0000,0.479403
1642.0000,0.480837
1643.0000,0.479293
1644.0000,0.480311
1645.0000,0.481559
1646.0000,0.477955
1647.0000,0.479473
1648.0000,0.479648
1649.0000,0.481269
1650.0000,0.479928
1651.0000,0.480563
1652.0000,0.478560
1653.0000,0.479691
1654.0000,0.478811
1655.0000,0.479788
1656.0000,0.481041
1657.0000,0.479153
1658.0000,0.479326
1659.0000,0.480424
1660.0000,0.477988
1661.0000,0.479400
1662.0000,0.481952
1663.0000,0.479899
1664.0000,0.480181
1665.0000,0.479316
1666.0000,0.478857
1667.0000,0.478707
1668.0000,0.479878
1669.0000,0.480217
1670.0000,0.479735
1671.0000,0.480181
1672.0000,0.480855
1673.0000,0.480369
1674.0000,0.479753
1675.0000,0.481575
1676.0000,0.477308
1677.0000,0.481574
1678.0000,0.477727
1679.0000,0.480879
1680.0000,0.478585
1681.0000,0.479381
1682.0000,0.478261
1683.0000,0.479091
1684.0000,0.479434
1685.0000,0.479146
1686.0000,0.478801
1687.0000,0.478673
1688.0000,0.477571
1689.0000,0.479742
1690.0000,0.480388
1691.0000,0.478196
1692.0000,0.479231
1693.0000,0.479548
1694.0000,0.477086
1695.0000,0.480403
1696.0000,0.480285
1697.0000,0.480329
1698.0000,0.478689
1699.0000,0.479163
1700.0000,0.480109
1701.0000,0.480769
1702.0000,0.479579
1703.0000,0.482673
1704.0000,0.482534
1705.0000,0.476954
1706.0000,0.477694
1707.0000,0.477435
1708.0000,0.478941
1709.0000,0.478636
1710.0000,0.480446
1711.0000,0.478438
1712.0000,0.481268
1713.0000,0.478911
1714.0000,0.479306
1715.0000,0.481105
1716.0000,0.481329
1717.0000,0.478074
1718.0000,0.481284
1719.0000,0.481723
1720.0000,0.477384
1721.0000,0.478877
1722.0000,0.480496
1723.0000,0.480108
1724.0000,0.480522
1725.0000,0.480174
1726.0000,0.481317
1727.0000,0.482632
1728.0000,0.481653
1729.0000,0.478751
1730.0000,0.479428
1731.0000,0.480550
1732.0000,0.479506
1733.0000,0.481147
1734.0000,0.481575
1735.0000,0.480205
1736.0000,0.480059
1737.0000,0.479356
1738.0000,0.480349
1739.0000,0.480504
1740.0000,0.477350
1741.0000,0.479969
1742.0000,0.479957
1743.0000,0.478140
1744.0000,0.479312
1745.0000,0.481880
1746.0000,0.480066
1747.0000,0.479126
1748.0000,0.477174
1749.0000,0.479474
1750.0000,0.479912
1751.0000,0.482184
1752.0000,0.478380
1753.0000,0.478085
1754.0000,0.481170
1755.0000,0.481591
1756.0000,0.477538
1757.0000,0.478391
1758.0000,0.479830
1759.0000,0.479221
1760.0000,0.480085
1761.0000,0.479617
1762.0000,0.477886
1763.0000,0.478944
1764.0000,0.480990
1765.0000,0.480208
1766.0000,0.479647
1767.0000,0.482210
1768.0000,0.481261
1769.0000,0.479213
1770.0000,0.478964
1771.0000,0.478500
1772.0000,0.480173
1773.0000,0.479807
1774.0000,0.478980
1775.0000,0.478821
1776.0000,0.479852
1777.0000,0.481174
1778.0000,0.479334
1779.0000,0.479839
1780.0000,0.478956
1781.0000,0.482516
1782.0000,0.477948
1783.0000,0.479553
1784.0000,0.479623
1785.0000,0.481487
1786.0000,0.479344
1787.0000,0.481613
1788.0000,0.480317
1789.0000,0.480732
1790.0000,0.480066
1791.0000,0.480885
1792.0000,0.480396
1793.0000,0.480067
1794.0000,0.479643
1795.0000,0.480566
1796.0000,0.477941
1797.0000,0.479985
1798.0000,0.481349
1799.0000,0.477843
1800.0000,0.476209
1801.0000,0.474489
1802.0000,0.476389
1803.0000,0.476554
1804.0000,0.476569
1805.0000,0.477109
1806.0000,0.475389
1807.0000,0.476682
1808.0000,0.476087
1809.0000,0.475370
1810.0000,0.476768
1811.0000,0.476522
1812.0000,0.474995
1813.0000,0.474788
1814.0000,0.476004
1815.0000,0.475850
1816.0000,0.477396
1817.0000,0.474535
1818.0000,0.476302
1819.0000,0.476149
1820.0000,0.478365
1821.0000,0.474349
1822.0000,0.476126
1823.0000,0.476076
1824.0000,0.477791
1825.0000,0.476988
1826.0000,0.476492
1827.0000,0.474686
1828.0000,0.476702
1829.0000,0.475715
1830.0000,0.474801
1831.0000,0.473552
1832.0000,0.474711
1833.0000,0.475220
1834.0000,0.474758
1835.0000,0.474903
1836.0000,0.474188
1837.0000,0.476349
1838.0000,0.474081
1839.0000,0.475596
1840.0000,0.475099
1841.0000,0.475798
1842.0000,0.474992
1843.0000,0.473269
1844.0000,0.474342
1845.0000,0.475694
1846.0000,0.475473
1847.0000,0.474639
1848.0000,0.475407
1849.0000,0.471937
1850.0000,0.473200
1851.0000,0.473692
1852.0000,0.473390
1853.0000,0.474987
1854.0000,0.474624
1855.0000,0.474026
1856.0000,0.473964
1857.0000,0.473961
1858.0000,0.474239
1859.0000,0.475272
1860.0000,0.472558
1861.0000,0.475863
1862.0000,0.473296
1863.0000,0.475799
1864.0000,0.473878
1865.0000,0.472369
1866.0000,0.470807
1867.0000,0.472186
1868.0000,0.470404
1869.0000,0.474765
1870.0000,0.471194
1871.0000,0.471734
1872.0000,0.471490
1873.0000,0.473265
1874.0000,0.467877
1875.0000,0.467170
1876.0000,0.468229
1877.0000,0.470148
1878.0000,0.468597
1879.0000,0.467903
1880.0000,0.468913
1881.0000,0.466265
1882.0000,0.463073
1883.0000,0.463415
1884.0000,0.464675
1885.0000,0.462171
1886.0000,0.463714
1887.0000,0.462643
1888.0000,0.461043
1889.0000,0.460611
1890.0000,0.460232
1891.0000,0.461059
1892.0000,0.462240
1893.0000,0.459348
1894.0000,0.458651
1895.0000,0.459224
1896.0000,0.455344
1897.0000,0.455444
1898.0000,0.457283
1899.0000,0.457210
1900.0000,0.454229
1901.0000,0.455714
1902.0000,0.453234
1903.0000,0.453996
1904.0000,0.453144
1905.0000,0.453585
1906.0000,0.451076
1907.0000,0.452066
1908.0000,0.451073
1909.0000,0.451223
1910.0000,0.452799
1911.0000,0.451357
1912.0000,0.451297
1913.0000,0.453240
1914.0000,0.452525
1915.0000,0.449907
1916.0000,0.453896
1917.0000,0.453858
1918.0000,0.453787
1919.0000,0.452422
1920.0000,0.456682
1921.0000,0.455724
1922.0000,0.454515
1923.0000,0.453074
1924.0000,0.456177
1925.0000,0.457195
1926.0000,0.455997
1927.0000,0.460363
1928.0000,0.459025
1929.0000,0.459911
1930.0000,0.457757
1931.0000,0.461209
1932.0000,0.463812
1933.0000,0.461854
1934.0000,0.463388
1935.0000,0.464181
1936.0000,0.465218
1937.0000,0.463669
1938.0000,0.466797
1939.0000,0.465404
1940.0000,0.467911
1941.0000,0.466574
1942.0000,0.469477
1943.0000,0.470718
1944.0000,0.468871
1945.0000,0.468010
1946.0000,0.471907
1947.0000,0.468811
1948.0000,0.470744
1949.0000,0.470278
1950.0000,0.471442
1951.0000,0.469511
1952.0000,0.470136
1953.0000,0.472830
1954.0000,0.473348
1955.0000,0.474400
1956.0000,0.471893
1957.0000,0.474426
1958.0000,0.475017
1959.0000,0.474012
1960.0000,0.474951
1961.0000,0.476837
1962.0000,0.476570
1963.0000,0.475102
1964.0000,0.474092
1965.0000,0.475546
1966.0000,0.474703
1967.0000,0.475301
1968.0000,0.475179
1969.0000,0.475843
1970.0000,0.475143
1971.0000,0.475832
1972.0000,0.476476
1973.0000,0.474599
1974.0000,0.474029
1975.0000,0.474831
1976.0000,0.474546
1977.0000,0.475570
1978.0000,0.476723
1979.0000,0.475665
1980.0000,0.476509
1981.0000,0.475641
1982.0000,0.475222
1983.0000,0.475428
1984.0000,0.475976
1985.0000,0.475086
1986.0000,0.475519
1987.0000,0.477657
1988.0000,0.476531
1989.0000,0.475778
1990.0000,0.471387
1991.0000,0.477173
1992.0000,0.477670
1993.0000,0.478171
1994.0000,0.476178
1995.0000,0.475513
1996.0000,0.474884
1997.0000,0.476046
1998.0000,0.476412
1999.0000,0.476004
2000.0000,0.475904
2001.0000,0.477319
2002.0000,0.477300
2003.0000,0.474798
2004.0000,0.475014
2005.0000,0.475121
2006.0000,0.475387
2007.0000,0.477875
2008.0000,0.477020
2009.0000,0.477937
2010.0000,0.474482
2011.0000,0.476403
2012.0000,0.475418
2013.0000,0.477661
2014.0000,0.474978
2015.0000,0.476613
2016.0000,0.476258
2017.0000,0.473586
2018.0000,0.474472
2019.0000,0.474986
2020.0000,0.474185
2021.0000,0.472973
2022.0000,0.475266
2023.0000,0.476943
2024.0000,0.474602
2025.0000,0.475133
2026.0000,0.473436
2027.0000,0.477973
2028.0000,0.475151
2029.0000,0.473736
2030.0000,0.477632
2031.0000,0.476505
2032.0000,0.474061
2033.0000,0.475618
2034.0000,0.472575
2035.0000,0.477167
2036.0000,0.474441
2037.0000,0.477205
2038.0000,0.476591
2039.0000,0.474641
2040.0000,0.472490
2041.0000,0.476941
2042.0000,0.474947
2043.0000,0.476022
2044.0000,0.474519
2045.0000,0.476613
2046.0000,0.473693
2047.0000,0.474511
2048.0000,0.475125
2049.0000,0.474688
2050.0000,0.475322
2051.0000,0.478150
2052.0000,0.475089
2053.0000,0.473427
2054.0000,0.474321
2055.0000,0.473509
2056.0000,0.472014
2057.0000,0.475810
2058.0000,0.472961
2059.0000,0.476311
2060.0000,0.476684
2061.0000,0.473124
2062.0000,0.476425
2063.0000,0.477802
2064.0000,0.474282
2065.0000,0.473412
2066.0000,0.472580
2067.0000,0.474867
2068.0000,0.473557
2069.0000,0.474497
2070.0000,0.473762
2071.0000,0.475919
2072.0000,0.473874
2073.0000,0.472772
2074.0000,0.474895
2075.0000,0.474373
2076.0000,0.474576
2077.0000,0.472332
2078.0000,0.473281
2079.0000,0.471623
2080.0000,0.473117
2081.0000,0.470979
2082.0000,0.473218
2083.0000,0.472181
2084.0000,0.473201
2085.0000,0.471610
2086.0000,0.470722
2087.0000,0.475837
2088.0000,0.472715
2089.0000,0.471221
2090.0000,0.471201
2091.0000,0.471979
2092.0000,0.472623
2093.0000,0.474047
2094.0000,0.472024
2095.0000,0.470615
2096.0000,0.475654
2097.0000,0.473007
2098.0000,0.471991
2099.0000,0.470223
2100.0000,0.472673
2101.0000,0.471073
2102.0000,0.470844
2103.0000,0.472512
2104.0000,0.471786
2105.0000,0.470740
2106.0000,0.472232
2107.0000,0.471106
2108.0000,0.469658
2109.0000,0.471947
2110.0000,0.470574
2111.0000,0.472293
2112.0000,0.471902
2113.0000,0.470932
2114.0000,0.468655
2115.0000,0.468717
2116.0000,0.471760
2117.0000,0.469429
2118.0000,0.469736
2119.0000,0.469104
2120.0000,0.470827
2121.0000,0.472308
2122.0000,0.469737
2123.0000,0.470640
2124.0000,0.471212
2125.0000,0.470492
2126.0000,0.470148
2127.0000,0.468510
2128.0000,0.472619
2129.0000,0.468755
2130.0000,0.471260
2131.0000,0.469527
2132.0000,0.466291
2133.0000,0.470731
2134.0000,0.468940
2135.0000,0.472217
2136.0000,0.470027
2137.0000,0.470668
2138.0000,0.469573
2139.0000,0.468441
2140.0000,0.470745
2141.0000,0.469697
2142.0000,0.470453
2143.0000,0.467326
2144.0000,0.467133
2145.0000,0.469260
2146.0000,0.469385
2147.0000,0.469040
2148.0000,0.470576
2149.0000,0.466733
2150.0000,0.469239
2151.0000,0.470705
2152.0000,0.471092
2153.0000,0.468987
2154.0000,0.467580
2155.0000,0.465190
2156.0000,0.467089
2157.0000,0.468124
2158.0000,0.468828
2159.0000,0.468133
2160.0000,0.465584
2161.0000,0.469796
2162.0000,0.466859
2163.0000,0.469064
2164.0000,0.466127
2165.0000,0.467890
2166.0000,0.466191
2167.0000,0.467455
2168.0000,0.464157
2169.0000,0.465440
2170.0000,0.468293
2171.0000,0.465773
2172.0000,0.464522
2173.0000,0.465369
2174.0000,0.463959
2175.0000,0.465806
2176.0000,0.467253
2177.0000,0.464282
2178.0000,0.465088
2179.0000,0.463501
2180.0000,0.466464
2181.0000,0.464645
2182.0000,0.463843
2183.0000,0.465649
2184.0000,0.465044
2185.0000,0.466957
2186.0000,0.466412
2187.0000,0.463214
2188.0000,0.464036
2189.0000,0.461587
2190.0000,0.464253
2191.0000,0.464482
2192.0000,0.463586
2193.0000,0.463954
2194.0000,0.463798
2195.0000,0.466636
2196.0000,0.463502
2197.0000,0.463686
2198.0000,0.464958
2199.0000,0.465400
2200.0000,0.463766
2201.0000,0.462907
2202.0000,0.464787
2203.0000,0.462961
2204.0000,0.460977
2205.0000,0.462821
2206.0000,0.461865
2207.0000,0.462198
2208.0000,0.462423
2209.0000,0.462826
2210.0000,0.461246
2211.0000,0.461967
2212.0000,0.463094
2213.0000,0.458747
2214.0000,0.462766
2215.0000,0.461662
2216.0000,0.459692
2217.0000,0.458337
2218.0000,0.459403
2219.0000,0.458738
2220.0000,0.456829
2221.0000,0.453908
2222.0000,0.459502
2223.0000,0.453918
2224.0000,0.452095
2225.0000,0.451978
2226.0000,0.449980
2227.0000,0.446120
2228.0000,0.447026
2229.0000,0.445634
2230.0000,0.447721
2231.0000,0.444704
2232.0000,0.439568
2233.0000,0.432764
2234.0000,0.432549
2235.0000,0.426566
2236.0000,0.420446
2237.0000,0.420622
2238.0000,0.418880
2239.0000,0.414718
2240.0000,0.411510
2241.0000,0.406580
2242.0000,0.401939
2243.0000,0.396904
2244.0000,0.390933
2245.0000,0.388865
2246.0000,0.387001
2247.0000,0.383558
2248.0000,0.380051
2249.0000,0.379332
2250.0000,0.377519
2251.0000,0.371843
2252.0000,0.372993
2253.0000,0.376770
2254.0000,0.373113
2255.0000,0.372490
2256.0000,0.374341
2257.0000,0.377082
2258.0000,0.378639
2259.0000,0.383112
2260.0000,0.387549
2261.0000,0.390759
2262.0000,0.391243
2263.0000,0.393511
2264.0000,0.397942
2265.0000,0.400673
2266.0000,0.407221
2267.0000,0.409475
2268.0000,0.410317
2269.0000,0.413386
2270.0000,0.419912
2271.0000,0.423851
2272.0000,0.427538
2273.0000,0.426105
2274.0000,0.435860
2275.0000,0.434127
2276.0000,0.438577
2277.0000,0.439933
2278.0000,0.437877
2279.0000,0.440361
2280.0000,0.440684
2281.0000,0.446085
2282.0000,0.445253
2283.0000,0.445841
2284.0000,0.449743
2285.0000,0.448026
2286.0000,0.448426
2287.0000,0.442293
2288.0000,0.445554
2289.0000,0.445006
2290.0000,0.444962
2291.0000,0.446814
2292.0000,0.445970
2293.0000,0.440691
2294.0000,0.443260
2295.0000,0.443615
2296.0000,0.441382
2297.0000,0.436548
2298.0000,0.438028
2299.0000,0.436081
2300.0000,0.436438
2301.0000,0.432836
2302.0000,0.427765
2303.0000,0.427879
2304.0000,0.426699
2305.0000,0.422571
2306.0000,0.420491
2307.0000,0.418854
2308.0000,0.412688
2309.0000,0.413378
2310.0000,0.408582
2311.0000,0.404949
2312.0000,0.399530
2313.0000,0.397234
2314.0000,0.396177
2315.0000,0.391424
2316.0000,0.383917
2317.0000,0.383027
2318.0000,0.376960
2319.0000,0.373008
2320.0000,0.365791
2321.0000,0.365927
2322.0000,0.360271
2323.0000,0.357910
2324.0000,0.354922
2325.0000,0.345359
2326.0000,0.343161
2327.0000,0.334439
2328.0000,0.337449
2329.0000,0.332743
2330.0000,0.328948
2331.0000,0.325420
2332.0000,0.322473
2333.0000,0.323081
2334.0000,0.312831
2335.0000,0.316573
2336.0000,0.312250
2337.0000,0.311712
2338.0000,0.309431
2339.0000,0.308974
2340.0000,0.310551
2341.0000,0.308734
2342.0000,0.312855
2343.0000,0.313422
2344.0000,0.311696
2345.0000,0.312731
2346.0000,0.312912
2347.0000,0.318693
2348.0000,0.319533
2349.0000,0.324978
2350.0000,0.326895
2351.0000,0.328718
2352.0000,0.332175
2353.0000,0.338480
2354.0000,0.337946
2355.0000,0.342320
2356.0000,0.342634
2357.0000,0.352269
2358.0000,0.356320
2359.0000,0.360169
2360.0000,0.364607
2361.0000,0.365299
2362.0000,0.369944
2363.0000,0.377801
2364.0000,0.378925
2365.0000,0.386518
2366.0000,0.386693
2367.0000,0.390851
2368.0000,0.399698
2369.0000,0.402403
2370.0000,0.399326
2371.0000,0.401921
2372.0000,0.405060
2373.0000,0.404635
2374.0000,0.408715
2375.0000,0.411807
2376.0000,0.417433
2377.0000,0.420200
2378.0000,0.422807
2379.0000,0.423359
2380.0000,0.421356
2381.0000,0.425278
2382.0000,0.428364
2383.0000,0.423064
2384.0000,0.424328
2385.0000,0.430987
2386.0000,0.428023
2387.0000,0.428687
2388.0000,0.426941
2389.0000,0.426199
2390.0000,0.428881
2391.0000,0.428247
2392.0000,0.430545
2393.0000,0.432262
2394.0000,0.433157
2395.0000,0.434398
2396.0000,0.432209
2397.0000,0.428475
2398.0000,0.430270
2399.0000,0.430588
2400.0000,0.434657
2401.0000,0.435630
2402.0000,0.436207
2403.0000,0.429042
2404.0000,0.428565
2405.0000,0.431690
2406.0000,0.433642
2407.0000,0.429121
2408.0000,0.435267
2409.0000,0.429322
2410.0000,0.430828
2411.0000,0.426421
2412.0000,0.428829
2413.0000,0.430581
2414.0000,0.429336
2415.0000,0.430331
2416.0000,0.434241
2417.0000,0.432057
2418.0000,0.432177
2419.0000,0.428805
2420.0000,0.428260
2421.0000,0.425422
2422.0000,0.424508
2423.0000,0.431358
2424.0000,0.429911
2425.0000,0.434961
2426.0000,0.426491
2427.0000,0.430767
2428.0000,0.429466
2429.0000,0.428304
2430.0000,0.426898
2431.0000,0.427836
2432.0000,0.427810
2433.0000,0.428456
2434.0000,0.424557
2435.0000,0.427214
2436.0000,0.424517
2437.0000,0.430078
2438.0000,0.425190
2439.0000,0.426731
2440.0000,0.425822
2441.0000,0.427734
2442.0000,0.424813
2443.0000,0.430844
2444.0000,0.423941
2445.0000,0.426824
2446.0000,0.420779
2447.0000,0.423943
2448.0000,0.429193
2449.0000,0.423775
2450.0000,0.418903
2451.0000,0.424311
2452.0000,0.423511
2453.0000,0.426614
2454.0000,0.423148
2455.0000,0.424716
2456.0000,0.422135
2457.0000,0.418052
2458.0000,0.422458
2459.0000,0.420833
2460.0000,0.419643
2461.0000,0.415017
2462.0000,0.426560
2463.0000,0.431169
2464.0000,0.419256
2465.0000,0.427721
2466.0000,0.422879
2467.0000,0.421728
2468.0000,0.415180
2469.0000,0.416662
2470.0000,0.422235
2471.0000,0.422065
2472.0000,0.412045
2473.0000,0.412704
2474.0000,0.424451
2475.0000,0.415442
2476.0000,0.420515
2477.0000,0.414072
2478.0000,0.424043
2479.0000,0.423257
2480.0000,0.408319
2481.0000,0.424542
2482.0000,0.424579
2483.0000,0.409989
2484.0000,0.418135
2485.0000,0.415671
2486.0000,0.421768
2487.0000,0.422831
2488.0000,0.411611
2489.0000,0.414977
2490.0000,0.414212
2491.0000,0.414329
2492.0000,0.416737
2493.0000,0.420362
2494.0000,0.415912
2495.0000,0.413967
2496.0000,0.412527
2497.0000,0.406896
2498.0000,0.411390
2499.0000,0.413526
2500.0000,0.427981
