# swirl-format: 1
# swirl-version: 0.1.0.dev0
# quantity: reflectance
# [chlorite] meta: {"synthetic": true, "end_member": "chlorite", "label": "Chlorite (Fe-Mg intermediate: FeOH ~2253 nm, MgOH ~2340 nm)"}
# [chlorite] history: [{"name": "synthesize", "params": {"end_member": {"key": "chlorite", "label": "Chlorite (Fe-Mg intermediate: FeOH ~2253 nm, MgOH ~2340 nm)", "continuum": [[350.0, 0.18], [600.0, 0.32], [1000.0, 0.42], [1400.0, 0.48], [2000.0, 0.48], [2500.0, 0.42]], "features": [{"center": 1050.0, "fwhm": 350.0, "depth": 0.15, "assignment": "Fe2+ crystal field"}, {"center": 1395.0, "fwhm": 25.0, "depth": 0.08, "assignment": "OH"}, {"center": 1910.0, "fwhm": 50.0, "depth": 0.05, "assignment": "H2O"}, {"center": 2253.0, "fwhm": 30.0, "depth": 0.18, "assignment": "FeOH"}, {"center": 2340.0, "fwhm": 45.0, "depth": 0.3, "assignment": "MgOH"}]}}, "swirl_version": "0.1.0.dev0"}]
wavelength_nm,chlorite
350.0000,0.180000
351.0000,0.180679
352.0000,0.181357
353.0000,0.182036
354.0000,0.182714
355.0000,0.183392
356.0000,0.184070
357.0000,0.184747
358.0000,0.185424
359.0000,0.186100
360.0000,0.186777
361.0000,0.187452
362.0000,0.188128
363.0000,0.188803
364.0000,0.189478
365.0000,0.190152
366.0000,0.190826
367.0000,0.191499
368.0000,0.192173
369.0000,0.192845
370.0000,0.193518
371.0000,0.194189
372.0000,0.194861
373.0000,0.195532
374.0000,0.196202
375.0000,0.196872
376.0000,0.197542
377.0000,0.198211
378.0000,0.198879
379.0000,0.199547
380.0000,0.200215
381.0000,0.200882
382.0000,0.201548
383.0000,0.202214
384.0000,0.202879
385.0000,0.203544
386.0000,0.204208
387.0000,0.204872
388.0000,0.205535
389.0000,0.206197
390.0000,0.206859
391.0000,0.207521
392.0000,0.208181
393.0000,0.208841
394.0000,0.209501
395.0000,0.210160
396.0000,0.210818
397.0000,0.211475
398.0000,0.212132
399.0000,0.212788
400.0000,0.213444
401.0000,0.214099
402.0000,0.214753
403.0000,0.215406
404.0000,0.216059
405.0000,0.216711
406.0000,0.217362
407.0000,0.218013
408.0000,0.218662
409.0000,0.219311
410.0000,0.219960
411.0000,0.220607
412.0000,0.221254
413.0000,0.221900
414.0000,0.222545
415.0000,0.223189
416.0000,0.223833
417.0000,0.224476
418.0000,0.225118
419.0000,0.225759
420.0000,0.226399
421.0000,0.227038
422.0000,0.227677
423.0000,0.228314
424.0000,0.228951
425.0000,0.229587
426.0000,0.230222
427.0000,0.230856
428.0000,0.231489
429.0000,0.232122
430.0000,0.232753
431.0000,0.233384
432.0000,0.234013
433.0000,0.234642
434.0000,0.235269
435.0000,0.235896
436.0000,0.236521
437.0000,0.237146
438.0000,0.237770
439.0000,0.238392
440.0000,0.239014
441.0000,0.239635
442.0000,0.240254
443.0000,0.240873
444.0000,0.241491
445.0000,0.242107
446.0000,0.242723
447.0000,0.243337
448.0000,0.243950
449.0000,0.244563
450.0000,0.245174
451.0000,0.245784
452.0000,0.246393
453.0000,0.247001
454.0000,0.247607
455.0000,0.248213
456.0000,0.248817
457.0000,0.249421
458.0000,0.250023
459.0000,0.250624
460.0000,0.251223
461.0000,0.251822
462.0000,0.252420
463.0000,0.253016
464.0000,0.253611
465.0000,0.254205
466.0000,0.254797
467.0000,0.255388
468.0000,0.255979
469.0000,0.256567
470.0000,0.257155
471.0000,0.257741
472.0000,0.258326
473.0000,0.258910
474.0000,0.259493
475.0000,0.260074
476.0000,0.260654
477.0000,0.261232
478.0000,0.261810
479.0000,0.262385
480.0000,0.262960
481.0000,0.263533
482.0000,0.264105
483.0000,0.264676
484.0000,0.265245
485.0000,0.265812
486.0000,0.266379
487.0000,0.266944
488.0000,0.267507
489.0000,0.268069
490.0000,0.268630
491.0000,0.269189
492.0000,0.269747
493.0000,0.270303
494.0000,0.270858
495.0000,0.271411
496.0000,0.271963
497.0000,0.272514
498.0000,0.273063
499.0000,0.273610
500.0000,0.274156
501.0000,0.274700
502.0000,0.275243
503.0000,0.275784
504.0000,0.276324
505.0000,0.276862
506.0000,0.277399
507.0000,0.277934
508.0000,0.278467
509.0000,0.278999
510.0000,0.279530
511.0000,0.280058
512.0000,0.280585
513.0000,0.281111
514.0000,0.281634
515.0000,0.282156
516.0000,0.282677
517.0000,0.283196
518.0000,0.283713
519.0000,0.284228
520.0000,0.284742
521.0000,0.285254
522.0000,0.285764
523.0000,0.286273
524.0000,0.286780
525.0000,0.287285
526.0000,0.287788
527.0000,0.288290
528.0000,0.288789
529.0000,0.289288
530.0000,0.289784
531.0000,0.290278
532.0000,0.290771
533.0000,0.291262
534.0000,0.291751
535.0000,0.292238
536.0000,0.292723
537.0000,0.293207
538.0000,0.293689
539.0000,0.294168
540.0000,0.294646
541.0000,0.295122
542.0000,0.295596
543.0000,0.296069
544.0000,0.296539
545.0000,0.297007
546.0000,0.297474
547.0000,0.297938
548.0000,0.298401
549.0000,0.298861
550.0000,0.299320
551.0000,0.299776
552.0000,0.300231
553.0000,0.300684
554.0000,0.301134
555.0000,0.301583
556.0000,0.302029
557.0000,0.302474
558.0000,0.302916
559.0000,0.303357
560.0000,0.303795
561.0000,0.304231
562.0000,0.304665
563.0000,0.305097
564.0000,0.305527
565.0000,0.305955
566.0000,0.306381
567.0000,0.306804
568.0000,0.307226
569.0000,0.307645
570.0000,0.308062
571.0000,0.308477
572.0000,0.308889
573.0000,0.309300
574.0000,0.309708
575.0000,0.310114
576.0000,0.310518
577.0000,0.310919
578.0000,0.311318
579.0000,0.311715
580.0000,0.312110
581.0000,0.312503
582.0000,0.312893
583.0000,0.313281
584.0000,0.313666
585.0000,0.314049
586.0000,0.314430
587.0000,0.314808
588.0000,0.315185
589.0000,0.315558
590.0000,0.315930
591.0000,0.316299
592.0000,0.316665
593.0000,0.317029
594.0000,0.317391
595.0000,0.317750
596.0000,0.318107
597.0000,0.318461
598.0000,0.318813
599.0000,0.319162
600.0000,0.319509
601.0000,0.319855
602.0000,0.320199
603.0000,0.320542
604.0000,0.320884
605.0000,0.321226
606.0000,0.321566
607.0000,0.321905
608.0000,0.322244
609.0000,0.322581
610.0000,0.322918
611.0000,0.323253
612.0000,0.323588
613.0000,0.323921
614.0000,0.324254
615.0000,0.324586
616.0000,0.324916
617.0000,0.325246
618.0000,0.325575
619.0000,0.325902
620.0000,0.326229
621.0000,0.326555
622.0000,0.326879
623.0000,0.327203
624.0000,0.327526
625.0000,0.327847
626.0000,0.328168
627.0000,0.328488
628.0000,0.328807
629.0000,0.329124
630.0000,0.329441
631.0000,0.329756
632.0000,0.330071
633.0000,0.330385
634.0000,0.330697
635.0000,0.331009
636.0000,0.331319
637.0000,0.331628
638.0000,0.331937
639.0000,0.332244
640.0000,0.332550
641.0000,0.332855
642.0000,0.333160
643.0000,0.333463
644.0000,0.333765
645.0000,0.334066
646.0000,0.334366
647.0000,0.334664
648.0000,0.334962
649.0000,0.335259
650.0000,0.335554
651.0000,0.335849
652.0000,0.336142
653.0000,0.336434
654.0000,0.336725
655.0000,0.337015
656.0000,0.337304
657.0000,0.337592
658.0000,0.337879
659.0000,0.338164
660.0000,0.338449
661.0000,0.338732
662.0000,0.339014
663.0000,0.339295
664.0000,0.339575
665.0000,0.339854
666.0000,0.340131
667.0000,0.340408
668.0000,0.340683
669.0000,0.340957
670.0000,0.341230
671.0000,0.341501
672.0000,0.341772
673.0000,0.342041
674.0000,0.342309
675.0000,0.342576
676.0000,0.342842
677.0000,0.343106
678.0000,0.343370
679.0000,0.343632
680.0000,0.343892
681.0000,0.344152
682.0000,0.344410
683.0000,0.344667
684.0000,0.344923
685.0000,0.345178
686.0000,0.345431
687.0000,0.345683
688.0000,0.345934
689.0000,0.346184
690.0000,0.346432
691.0000,0.346679
692.0000,0.346924
693.0000,0.347169
694.0000,0.347412
695.0000,0.347653
696.0000,0.347894
697.0000,0.348133
698.0000,0.348371
699.0000,0.348607
700.0000,0.348842
701.0000,0.349076
702.0000,0.349308
703.0000,0.349539
704.0000,0.349769
705.0000,0.349997
706.0000,0.350224
707.0000,0.350450
708.0000,0.350674
709.0000,0.350897
710.0000,0.351118
711.0000,0.351338
712.0000,0.351557
713.0000,0.351774
714.0000,0.351990
715.0000,0.352204
716.0000,0.352417
717.0000,0.352628
718.0000,0.352838
719.0000,0.353047
720.0000,0.353254
721.0000,0.353459
722.0000,0.353664
723.0000,0.353866
724.0000,0.354067
725.0000,0.354267
726.0000,0.354465
727.0000,0.354662
728.0000,0.354857
729.0000,0.355051
730.0000,0.355243
731.0000,0.355434
732.0000,0.355623
733.0000,0.355810
734.0000,0.355996
735.0000,0.356181
736.0000,0.356364
737.0000,0.356545
738.0000,0.356725
739.0000,0.356903
740.0000,0.357080
741.0000,0.357255
742.0000,0.357429
743.0000,0.357601
744.0000,0.357771
745.0000,0.357940
746.0000,0.358107
747.0000,0.358273
748.0000,0.358436
749.0000,0.358599
750.0000,0.358759
751.0000,0.358919
752.0000,0.359076
753.0000,0.359232
754.0000,0.359386
755.0000,0.359538
756.0000,0.359689
757.0000,0.359838
758.0000,0.359986
759.0000,0.360132
760.0000,0.360276
761.0000,0.360418
762.0000,0.360559
763.0000,0.360698
764.0000,0.360836
765.0000,0.360972
766.0000,0.361106
767.0000,0.361238
768.0000,0.361369
769.0000,0.361498
770.0000,0.361625
771.0000,0.361751
772.0000,0.361875
773.0000,0.361997
774.0000,0.362117
775.0000,0.362236
776.0000,0.362353
777.0000,0.362468
778.0000,0.362581
779.0000,0.362693
780.0000,0.362803
781.0000,0.362912
782.0000,0.363018
783.0000,0.363123
784.0000,0.363226
785.0000,0.363327
786.0000,0.363427
787.0000,0.363525
788.0000,0.363621
789.0000,0.363715
790.0000,0.363808
791.0000,0.363899
792.0000,0.363988
793.0000,0.364075
794.0000,0.364161
795.0000,0.364245
796.0000,0.364327
797.0000,0.364407
798.0000,0.364486
799.0000,0.364563
800.0000,0.364638
801.0000,0.364711
802.0000,0.364783
803.0000,0.364853
804.0000,0.364921
805.0000,0.364987
806.0000,0.365052
807.0000,0.365115
808.0000,0.365176
809.0000,0.365236
810.0000,0.365293
811.0000,0.365349
812.0000,0.365404
813.0000,0.365456
814.0000,0.365507
815.0000,0.365556
816.0000,0.365604
817.0000,0.365649
818.0000,0.365693
819.0000,0.365736
820.0000,0.365776
821.0000,0.365815
822.0000,0.365853
823.0000,0.365888
824.0000,0.365922
825.0000,0.365955
826.0000,0.365985
827.0000,0.366014
828.0000,0.366041
829.0000,0.366067
830.0000,0.366091
831.0000,0.366114
832.0000,0.366135
833.0000,0.366154
834.0000,0.366171
835.0000,0.366187
836.0000,0.366202
837.0000,0.366215
838.0000,0.366226
839.0000,0.366236
840.0000,0.366244
841.0000,0.366251
842.0000,0.366256
843.0000,0.366259
844.0000,0.366261
845.0000,0.366262
846.0000,0.366261
847.0000,0.366259
848.0000,0.366255
849.0000,0.366250
850.0000,0.366243
851.0000,0.366235
852.0000,0.366225
853.0000,0.366214
854.0000,0.366202
855.0000,0.366188
856.0000,0.366173
857.0000,0.366157
858.0000,0.366139
859.0000,0.366120
860.0000,0.366100
861.0000,0.366078
862.0000,0.366055
863.0000,0.366031
864.0000,0.366005
865.0000,0.365978
866.0000,0.365950
867.0000,0.365921
868.0000,0.365891
869.0000,0.365859
870.0000,0.365827
871.0000,0.365793
872.0000,0.365758
873.0000,0.365722
874.0000,0.365685
875.0000,0.365647
876.0000,0.365607
877.0000,0.365567
878.0000,0.365526
879.0000,0.365484
880.0000,0.365441
881.0000,0.365396
882.0000,0.365351
883.0000,0.365305
884.0000,0.365258
885.0000,0.365211
886.0000,0.365162
887.0000,0.365112
888.0000,0.365062
889.0000,0.365011
890.0000,0.364959
891.0000,0.364907
892.0000,0.364853
893.0000,0.364799
894.0000,0.364745
895.0000,0.364689
896.0000,0.364634
897.0000,0.364577
898.0000,0.364520
899.0000,0.364462
900.0000,0.364404
901.0000,0.364345
902.0000,0.364286
903.0000,0.364226
904.0000,0.364166
905.0000,0.364105
906.0000,0.364044
907.0000,0.363983
908.0000,0.363921
909.0000,0.363859
910.0000,0.363797
911.0000,0.363734
912.0000,0.363672
913.0000,0.363608
914.0000,0.363545
915.0000,0.363482
916.0000,0.363418
917.0000,0.363355
918.0000,0.363291
919.0000,0.363227
920.0000,0.363163
921.0000,0.363100
922.0000,0.363036
923.0000,0.362972
924.0000,0.362908
925.0000,0.362845
926.0000,0.362781
927.0000,0.362718
928.0000,0.362655
929.0000,0.362592
930.0000,0.362530
931.0000,0.362467
932.0000,0.362405
933.0000,0.362344
934.0000,0.362282
935.0000,0.362221
936.0000,0.362161
937.0000,0.362101
938.0000,0.362041
939.0000,0.361982
940.0000,0.361923
941.0000,0.361865
942.0000,0.361808
943.0000,0.361751
944.0000,0.361695
945.0000,0.361640
946.0000,0.361585
947.0000,0.361531
948.0000,0.361477
949.0000,0.361425
950.0000,0.361373
951.0000,0.361322
952.0000,0.361273
953.0000,0.361224
954.0000,0.361175
955.0000,0.361128
956.0000,0.361082
957.0000,0.361037
958.0000,0.360993
959.0000,0.360950
960.0000,0.360908
961.0000,0.360868
962.0000,0.360828
963.0000,0.360790
964.0000,0.360753
965.0000,0.360717
966.0000,0.360682
967.0000,0.360649
968.0000,0.360617
969.0000,0.360586
970.0000,0.360557
971.0000,0.360530
972.0000,0.360503
973.0000,0.360478
974.0000,0.360455
975.0000,0.360433
976.0000,0.360413
977.0000,0.360395
978.0000,0.360378
979.0000,0.360362
980.0000,0.360349
981.0000,0.360337
982.0000,0.360326
983.0000,0.360318
984.0000,0.360311
985.0000,0.360306
986.0000,0.360303
987.0000,0.360302
988.0000,0.360303
989.0000,0.360305
990.0000,0.360310
991.0000,0.360316
992.0000,0.360324
993.0000,0.360335
994.0000,0.360347
995.0000,0.360362
996.0000,0.360378
997.0000,0.360397
998.0000,0.360418
999.0000,0.360441
1000.0000,0.360466
1001.0000,0.360493
1002.0000,0.360523
1003.0000,0.360556
1004.0000,0.360591
1005.0000,0.360629
1006.0000,0.360670
1007.0000,0.360713
1008.0000,0.360760
1009.0000,0.360808
1010.0000,0.360860
1011.0000,0.360914
1012.0000,0.360971
1013.0000,0.361031
1014.0000,0.361094
1015.0000,0.361159
1016.0000,0.361227
1017.0000,0.361298
1018.0000,0.361372
1019.0000,0.361449
1020.0000,0.361528
1021.0000,0.361611
1022.0000,0.361696
1023.0000,0.361784
1024.0000,0.361876
1025.0000,0.361970
1026.0000,0.362067
1027.0000,0.362167
1028.0000,0.362269
1029.0000,0.362375
1030.0000,0.362484
1031.0000,0.362596
1032.0000,0.362711
1033.0000,0.362828
1034.0000,0.362949
1035.0000,0.363073
1036.0000,0.363200
1037.0000,0.363329
1038.0000,0.363462
1039.0000,0.363598
1040.0000,0.363737
1041.0000,0.363879
1042.0000,0.364024
1043.0000,0.364172
1044.0000,0.364322
1045.0000,0.364477
1046.0000,0.364634
1047.0000,0.364794
1048.0000,0.364957
1049.0000,0.365123
1050.0000,0.365292
1051.0000,0.365465
1052.0000,0.365640
1053.0000,0.365819
1054.0000,0.366000
1055.0000,0.366185
1056.0000,0.366372
1057.0000,0.366563
1058.0000,0.366757
1059.0000,0.366954
1060.0000,0.367154
1061.0000,0.367356
1062.0000,0.367562
1063.0000,0.367771
1064.0000,0.367983
1065.0000,0.368198
1066.0000,0.368416
1067.0000,0.368637
1068.0000,0.368862
1069.0000,0.369089
1070.0000,0.369319
1071.0000,0.369552
1072.0000,0.369788
1073.0000,0.370027
1074.0000,0.370269
1075.0000,0.370514
1076.0000,0.370761
1077.0000,0.371012
1078.0000,0.371266
1079.0000,0.371523
1080.0000,0.371782
1081.0000,0.372045
1082.0000,0.372310
1083.0000,0.372578
1084.0000,0.372849
1085.0000,0.373123
1086.0000,0.373400
1087.0000,0.373680
1088.0000,0.373962
1089.0000,0.374247
1090.0000,0.374535
1091.0000,0.374826
1092.0000,0.375119
1093.0000,0.375415
1094.0000,0.375714
1095.0000,0.376016
1096.0000,0.376320
1097.0000,0.376627
1098.0000,0.376937
1099.0000,0.377249
1100.0000,0.377564
1101.0000,0.377881
1102.0000,0.378201
1103.0000,0.378524
1104.0000,0.378849
1105.0000,0.379176
1106.0000,0.379507
1107.0000,0.379839
1108.0000,0.380174
1109.0000,0.380512
1110.0000,0.380852
1111.0000,0.381194
1112.0000,0.381539
1113.0000,0.381886
1114.0000,0.382235
1115.0000,0.382587
1116.0000,0.382940
1117.0000,0.383297
1118.0000,0.383655
1119.0000,0.384016
1120.0000,0.384378
1121.0000,0.384743
1122.0000,0.385110
1123.0000,0.385480
1124.0000,0.385851
1125.0000,0.386224
1126.0000,0.386599
1127.0000,0.386977
1128.0000,0.387356
1129.0000,0.387737
1130.0000,0.388121
1131.0000,0.388506
1132.0000,0.388893
1133.0000,0.389282
1134.0000,0.389672
1135.0000,0.390065
1136.0000,0.390459
1137.0000,0.390855
1138.0000,0.391252
1139.0000,0.391652
1140.0000,0.392053
1141.0000,0.392455
1142.0000,0.392859
1143.0000,0.393265
1144.0000,0.393672
1145.0000,0.394081
1146.0000,0.394491
1147.0000,0.394903
1148.0000,0.395316
1149.0000,0.395730
1150.0000,0.396146
1151.0000,0.396563
1152.0000,0.396982
1153.0000,0.397401
1154.0000,0.397822
1155.0000,0.398244
1156.0000,0.398668
1157.0000,0.399092
1158.0000,0.399517
1159.0000,0.399944
1160.0000,0.400372
1161.0000,0.400800
1162.0000,0.401230
1163.0000,0.401660
1164.0000,0.402092
1165.0000,0.402524
1166.0000,0.402957
1167.0000,0.403391
1168.0000,0.403826
1169.0000,0.404262
1170.0000,0.404698
1171.0000,0.405135
1172.0000,0.405572
1173.0000,0.406011
1174.0000,0.406450
1175.0000,0.406889
1176.0000,0.407329
1177.0000,0.407769
1178.0000,0.408210
1179.0000,0.408652
1180.0000,0.409093
1181.0000,0.409536
1182.0000,0.409978
1183.0000,0.410421
1184.0000,0.410864
1185.0000,0.411307
1186.0000,0.411751
1187.0000,0.412195
1188.0000,0.412638
1189.0000,0.413083
1190.0000,0.413527
1191.0000,0.413971
1192.0000,0.414415
1193.0000,0.414859
1194.0000,0.415303
1195.0000,0.415748
1196.0000,0.416192
1197.0000,0.416635
1198.0000,0.417079
1199.0000,0.417523
1200.0000,0.417966
1201.0000,0.418409
1202.0000,0.418852
1203.0000,0.419295
1204.0000,0.419737
1205.0000,0.420179
1206.0000,0.420620
1207.0000,0.421061
1208.0000,0.421502
1209.0000,0.421942
1210.0000,0.422381
1211.0000,0.422820
1212.0000,0.423259
1213.0000,0.423697
1214.0000,0.424134
1215.0000,0.424571
1216.0000,0.425007
1217.0000,0.425442
1218.0000,0.425876
1219.0000,0.426310
1220.0000,0.426743
1221.0000,0.427175
1222.0000,0.427607
1223.0000,0.428037
1224.0000,0.428467
1225.0000,0.428895
1226.0000,0.429323
1227.0000,0.429750
1228.0000,0.430176
1229.0000,0.430600
1230.0000,0.431024
1231.0000,0.431447
1232.0000,0.431868
1233.0000,0.432289
1234.0000,0.432708
1235.0000,0.433126
1236.0000,0.433543
1237.0000,0.433958
1238.0000,0.434373
1239.0000,0.434786
1240.0000,0.435198
1241.0000,0.435609
1242.0000,0.436018
1243.0000,0.436426
1244.0000,0.436832
1245.0000,0.437238
1246.0000,0.437641
1247.0000,0.438044
1248.0000,0.438445
1249.0000,0.438844
1250.0000,0.439242
1251.0000,0.439638
1252.0000,0.440033
1253.0000,0.440426
1254.0000,0.440818
1255.0000,0.441208
1256.0000,0.441597
1257.0000,0.441984
1258.0000,0.442369
1259.0000,0.442753
1260.0000,0.443134
1261.0000,0.443515
1262.0000,0.443893
1263.0000,0.444270
1264.0000,0.444645
1265.0000,0.445018
1266.0000,0.445390
1267.0000,0.445759
1268.0000,0.446127
1269.0000,0.446493
1270.0000,0.446857
1271.0000,0.447219
1272.0000,0.447580
1273.0000,0.447938
1274.0000,0.448295
1275.0000,0.448649
1276.0000,0.449002
1277.0000,0.449353
1278.0000,0.449702
1279.0000,0.450049
1280.0000,0.450394
1281.0000,0.450736
1282.0000,0.451077
1283.0000,0.451416
1284.0000,0.451753
1285.0000,0.452088
1286.0000,0.452420
1287.0000,0.452751
1288.0000,0.453080
1289.0000,0.453406
1290.0000,0.453730
1291.0000,0.454053
1292.0000,0.454373
1293.0000,0.454691
1294.0000,0.455007
1295.0000,0.455320
1296.0000,0.455632
1297.0000,0.455941
1298.0000,0.456248
1299.0000,0.456553
1300.0000,0.456856
1301.0000,0.457157
1302.0000,0.457455
1303.0000,0.457752
1304.0000,0.458046
1305.0000,0.458337
1306.0000,0.458627
1307.0000,0.458914
1308.0000,0.459199
1309.0000,0.459482
1310.0000,0.459763
1311.0000,0.460041
1312.0000,0.460317
1313.0000,0.460591
1314.0000,0.460862
1315.0000,0.461131
1316.0000,0.461398
1317.0000,0.461663
1318.0000,0.461925
1319.0000,0.462185
1320.0000,0.462443
1321.0000,0.462698
1322.0000,0.462951
1323.0000,0.463202
1324.0000,0.463450
1325.0000,0.463696
1326.0000,0.463940
1327.0000,0.464181
1328.0000,0.464421
1329.0000,0.464657
1330.0000,0.464892
1331.0000,0.465124
1332.0000,0.465354
1333.0000,0.465581
1334.0000,0.465806
1335.0000,0.466029
1336.0000,0.466249
1337.0000,0.466467
1338.0000,0.466683
1339.0000,0.466896
1340.0000,0.467107
1341.0000,0.467316
1342.0000,0.467522
1343.0000,0.467726
1344.0000,0.467927
1345.0000,0.468126
1346.0000,0.468323
1347.0000,0.468517
1348.0000,0.468708
1349.0000,0.468897
1350.0000,0.469083
1351.0000,0.469266
1352.0000,0.469445
1353.0000,0.469621
1354.0000,0.469792
1355.0000,0.469958
1356.0000,0.470119
1357.0000,0.470272
1358.0000,0.470416
1359.0000,0.470549
1360.0000,0.470668
1361.0000,0.470771
1362.0000,0.470853
1363.0000,0.470909
1364.0000,0.470935
1365.0000,0.470922
1366.0000,0.470863
1367.0000,0.470750
1368.0000,0.470573
1369.0000,0.470321
1370.0000,0.469983
1371.0000,0.469547
1372.0000,0.469001
1373.0000,0.468334
1374.0000,0.467536
1375.0000,0.466596
1376.0000,0.465509
1377.0000,0.464270
1378.0000,0.462879
1379.0000,0.461339
1380.0000,0.459659
1381.0000,0.457854
1382.0000,0.455941
1383.0000,0.453946
1384.0000,0.451899
1385.0000,0.449835
1386.0000,0.447793
1387.0000,0.445813
1388.0000,0.443940
1389.0000,0.442218
1390.0000,0.440687
1391.0000,0.439389
1392.0000,0.438356
1393.0000,0.437619
1394.0000,0.437198
1395.0000,0.437106
1396.0000,0.437349
1397.0000,0.437923
1398.0000,0.438813
1399.0000,0.439999
1400.0000,0.441453
1401.0000,0.443141
1402.0000,0.445024
1403.0000,0.447059
1404.0000,0.449205
1405.0000,0.451417
1406.0000,0.453653
1407.0000,0.455875
1408.0000,0.458047
1409.0000,0.460140
1410.0000,0.462128
1411.0000,0.463992
1412.0000,0.465719
1413.0000,0.467298
1414.0000,0.468727
1415.0000,0.470006
1416.0000,0.471138
1417.0000,0.472131
1418.0000,0.472993
1419.0000,0.473735
1420.0000,0.474368
1421.0000,0.474904
1422.0000,0.475356
1423.0000,0.475734
1424.0000,0.476048
1425.0000,0.476310
1426.0000,0.476527
1427.0000,0.476708
1428.0000,0.476859
1429.0000,0.476985
1430.0000,0.477092
1431.0000,0.477184
1432.0000,0.477264
1433.0000,0.477334
1434.0000,0.477397
1435.0000,0.477455
1436.0000,0.477508
1437.0000,0.477557
1438.0000,0.477604
1439.0000,0.477649
1440.0000,0.477692
1441.0000,0.477734
1442.0000,0.477775
1443.0000,0.477815
1444.0000,0.477854
1445.0000,0.477892
1446.0000,0.477930
1447.0000,0.477967
1448.0000,0.478003
1449.0000,0.478039
1450.0000,0.478074
1451.0000,0.478109
1452.0000,0.478143
1453.0000,0.478176
1454.0000,0.478209
1455.0000,0.478242
1456.0000,0.478274
1457.0000,0.478305
1458.0000,0.478336
1459.0000,0.478367
1460.0000,0.478397
1461.0000,0.478426
1462.0000,0.478455
1463.0000,0.478484
1464.0000,0.478512
1465.0000,0.478540
1466.0000,0.478567
1467.0000,0.478594
1468.0000,0.478620
1469.0000,0.478646
1470.0000,0.478671
1471.0000,0.478696
1472.0000,0.478721
1473.0000,0.478745
1474.0000,0.478769
1475.0000,0.478793
1476.0000,0.478816
1477.0000,0.478838
1478.0000,0.478860
1479.0000,0.478882
1480.0000,0.478904
1481.0000,0.478925
1482.0000,0.478946
1483.0000,0.478966
1484.0000,0.478986
1485.0000,0.479006
1486.0000,0.479026
1487.0000,0.479045
1488.0000,0.479063
1489.0000,0.479082
1490.0000,0.479100
1491.0000,0.479118
1492.0000,0.479135
1493.0000,0.479152
1494.0000,0.479169
1495.0000,0.479186
1496.0000,0.479202
1497.0000,0.479218
1498.0000,0.479234
1499.0000,0.479249
1500.0000,0.479264
1501.0000,0.479279
1502.0000,0.479293
1503.0000,0.479308
1504.0000,0.479322
1505.0000,0.479336
1506.0000,0.479349
1507.0000,0.479363
1508.0000,0.479376
1509.0000,0.479388
1510.0000,0.479401
1511.0000,0.479413
1512.0000,0.479426
1513.0000,0.479437
1514.0000,0.479449
1515.0000,0.479461
1516.0000,0.479472
1517.0000,0.479483
1518.0000,0.479494
1519.0000,0.479504
1520.0000,0.479515
1521.0000,0.479525
1522.0000,0.479535
1523.0000,0.479545
1524.0000,0.479554
1525.0000,0.479564
1526.0000,0.479573
1527.0000,0.479582
1528.0000,0.479591
1529.0000,0.479600
1530.0000,0.479609
1531.0000,0.479617
1532.0000,0.479625
1533.0000,0.479633
1534.0000,0.479641
1535.0000,0.479649
1536.0000,0.479657
1537.0000,0.479664
1538.0000,0.479672
1539.0000,0.479679
1540.0000,0.479686
1541.0000,0.479693
1542.0000,0.479699
1543.0000,0.479706
1544.0000,0.479713
1545.0000,0.479719
1546.0000,0.479725
1547.0000,0.479731
1548.0000,0.479737
1549.0000,0.479743
1550.0000,0.479749
1551.0000,0.479754
1552.0000,0.479760
1553.0000,0.479765
1554.0000,0.479771
1555.0000,0.479776
1556.0000,0.479781
1557.0000,0.479786
1558.0000,0.479791
1559.0000,0.479796
1560.0000,0.479800
1561.0000,0.479805
1562.0000,0.479809
1563.0000,0.479814
1564.0000,0.479818
1565.0000,0.479822
1566.0000,0.479826
1567.0000,0.479830
1568.0000,0.479834
1569.0000,0.479838
1570.0000,0.479842
1571.0000,0.479845
1572.0000,0.479849
1573.0000,0.479853
1574.0000,0.479856
1575.0000,0.479859
1576.0000,0.479863
1577.0000,0.479866
1578.0000,0.479869
1579.0000,0.479872
1580.0000,0.479875
1581.0000,0.479878
1582.0000,0.479881
1583.0000,0.479884
1584.0000,0.479887
1585.0000,0.479889
1586.0000,0.479892
1587.0000,0.479895
1588.0000,0.479897
1589.0000,0.479900
1590.0000,0.479902
1591.0000,0.479904
1592.0000,0.479907
1593.0000,0.479909
1594.0000,0.479911
1595.0000,0.479913
1596.0000,0.479915
1597.0000,0.479918
1598.0000,0.479920
1599.0000,0.479922
1600.0000,0.479923
1601.0000,0.479925
1602.0000,0.479927
1603.0000,0.479929
1604.0000,0.479931
1605.0000,0.479932
1606.0000,0.479934
1607.0000,0.479936
1608.0000,0.479937
1609.0000,0.479939
1610.0000,0.479940
1611.0000,0.479942
1612.0000,0.479943
1613.0000,0.479945
1614.0000,0.479946
1615.0000,0.479948
1616.0000,0.479949
1617.0000,0.479950
1618.0000,0.479951
1619.0000,0.479953
1620.0000,0.479954
1621.0000,0.479955
1622.0000,0.479956
1623.0000,0.479957
1624.0000,0.479958
1625.0000,0.479960
1626.0000,0.479961
1627.0000,0.479962
1628.0000,0.479963
1629.0000,0.479964
1630.0000,0.479964
1631.0000,0.479965
1632.0000,0.479966
1633.0000,0.479967
1634.0000,0.479968
1635.0000,0.479969
1636.0000,0.479970
1637.0000,0.479970
1638.0000,0.479971
1639.0000,0.479972
1640.0000,0.479973
1641.0000,0.479973
1642.0000,0.479974
1643.0000,0.479975
1644.0000,0.479976
1645.0000,0.479976
1646.0000,0.479977
1647.0000,0.479977
1648.0000,0.479978
1649.0000,0.479979
1650.0000,0.479979
1651.0000,0.479980
1652.0000,0.479980
1653.0000,0.479981
1654.0000,0.479981
1655.0000,0.479982
1656.0000,0.479982
1657.0000,0.479983
1658.0000,0.479983
1659.0000,0.479984
1660.0000,0.479984
1661.0000,0.479985
1662.0000,0.479985
1663.0000,0.479985
1664.0000,0.479986
1665.0000,0.479986
1666.0000,0.479987
1667.0000,0.479987
1668.0000,0.479987
1669.0000,0.479988
1670.0000,0.479988
1671.0000,0.479988
1672.0000,0.479989
1673.0000,0.479989
1674.0000,0.479989
1675.0000,0.479990
1676.0000,0.479990
1677.0000,0.479990
1678.0000,0.479990
1679.0000,0.479991
1680.0000,0.479991
1681.0000,0.479991
1682.0000,0.479991
1683.0000,0.479992
1684.0000,0.479992
1685.0000,0.479992
1686.0000,0.479992
1687.0000,0.479993
1688.0000,0.479993
1689.0000,0.479993
1690.0000,0.479993
1691.0000,0.479993
1692.0000,0.479994
1693.0000,0.479994
1694.0000,0.479994
1695.0000,0.479994
1696.0000,0.479994
1697.0000,0.479994
1698.0000,0.479995
1699.0000,0.479995
1700.0000,0.479995
1701.0000,0.479995
1702.0000,0.479995
1703.0000,0.479995
1704.0000,0.479996
1705.0000,0.479996
1706.0000,0.479996
1707.0000,0.479996
1708.0000,0.479996
1709.0000,0.479996
1710.0000,0.479996
1711.0000,0.479996
1712.0000,0.479996
1713.0000,0.479997
1714.0000,0.479997
1715.0000,0.479997
1716.0000,0.479997
1717.0000,0.479997
1718.0000,0.479997
1719.0000,0.479997
1720.0000,0.479997
1721.0000,0.479997
1722.0000,0.479997
1723.0000,0.479997
1724.0000,0.479998
1725.0000,0.479998
1726.0000,0.479998
1727.0000,0.479998
1728.0000,0.479998
1729.0000,0.479998
1730.0000,0.479998
1731.0000,0.479998
1732.0000,0.479998
1733.0000,0.479998
1734.0000,0.479998
1735.0000,0.479998
1736.0000,0.479998
1737.0000,0.479998
1738.0000,0.479998
1739.0000,0.479998
1740.0000,0.479998
1741.0000,0.479999
1742.0000,0.479999
1743.0000,0.479999
1744.0000,0.479999
1745.0000,0.479999
1746.0000,0.479999
1747.0000,0.479999
1748.0000,0.479999
1749.0000,0.479999
1750.0000,0.479999
1751.0000,0.479999
1752.0000,0.479999
1753.0000,0.479999
1754.0000,0.479999
1755.0000,0.479999
1756.0000,0.479999
1757.0000,0.479999
1758.0000,0.479999
1759.0000,0.479999
1760.0000,0.479999
1761.0000,0.479999
1762.0000,0.479999
1763.0000,0.479999
1764.0000,0.479999
1765.0000,0.479999
1766.0000,0.479999
1767.0000,0.479999
1768.0000,0.479999
1769.0000,0.479999
1770.0000,0.479999
1771.0000,0.479999
1772.0000,0.479999
1773.0000,0.479999
1774.0000,0.479999
1775.0000,0.480000
1776.0000,0.480000
1777.0000,0.480000
1778.0000,0.480000
1779.0000,0.480000
1780.0000,0.480000
1781.0000,0.480000
1782.0000,0.480000
1783.0000,0.480000
1784.0000,0.480000
1785.0000,0.480000
1786.0000,0.480000
1787.0000,0.480000
1788.0000,0.480000
1789.0000,0.480000
1790.0000,0.480000
1791.0000,0.480000
1792.0000,0.480000
1793.0000,0.480000
1794.0000,0.480000
1795.0000,0.480000
1796.0000,0.480000
1797.0000,0.480000
1798.0000,0.480000
1799.0000,0.480000
1800.0000,0.480000
1801.0000,0.480000
1802.0000,0.480000
1803.0000,0.480000
1804.0000,0.480000
1805.0000,0.480000
1806.0000,0.480000
1807.0000,0.480000
1808.0000,0.480000
1809.0000,0.480000
1810.0000,0.479999
1811.0000,0.479999
1812.0000,0.479999
1813.0000,0.479999
1814.0000,0.479999
1815.0000,0.479999
1816.0000,0.479999
1817.0000,0.479998
1818.0000,0.479998
1819.0000,0.479997
1820.0000,0.479997
1821.0000,0.479996
1822.0000,0.479995
1823.0000,0.479994
1824.0000,0.479993
1825.0000,0.479992
1826.0000,0.479990
1827.0000,0.479988
1828.0000,0.479986
1829.0000,0.479983
1830.0000,0.479980
1831.0000,0.479976
1832.0000,0.479972
1833.0000,0.479966
1834.0000,0.479960
1835.0000,0.479953
1836.0000,0.479945
1837.0000,0.479935
1838.0000,0.479923
1839.0000,0.479910
1840.0000,0.479895
1841.0000,0.479878
1842.0000,0.479858
1843.0000,0.479835
1844.0000,0.479808
1845.0000,0.479779
1846.0000,0.479744
1847.0000,0.479706
1848.0000,0.479662
1849.0000,0.479613
1850.0000,0.479557
1851.0000,0.479495
1852.0000,0.479425
1853.0000,0.479346
1854.0000,0.479259
1855.0000,0.479162
1856.0000,0.479054
1857.0000,0.478935
1858.0000,0.478804
1859.0000,0.478659
1860.0000,0.478500
1861.0000,0.478326
1862.0000,0.478136
1863.0000,0.477929
1864.0000,0.477704
1865.0000,0.477460
1866.0000,0.477196
1867.0000,0.476912
1868.0000,0.476607
1869.0000,0.476280
1870.0000,0.475930
1871.0000,0.475558
1872.0000,0.475161
1873.0000,0.474742
1874.0000,0.474298
1875.0000,0.473831
1876.0000,0.473341
1877.0000,0.472827
1878.0000,0.472291
1879.0000,0.471733
1880.0000,0.471154
1881.0000,0.470556
1882.0000,0.469940
1883.0000,0.469307
1884.0000,0.468660
1885.0000,0.468000
1886.0000,0.467330
1887.0000,0.466652
1888.0000,0.465969
1889.0000,0.465283
1890.0000,0.464599
1891.0000,0.463918
1892.0000,0.463244
1893.0000,0.462581
1894.0000,0.461932
1895.0000,0.461300
1896.0000,0.460689
1897.0000,0.460102
1898.0000,0.459542
1899.0000,0.459014
1900.0000,0.458519
1901.0000,0.458062
1902.0000,0.457644
1903.0000,0.457269
1904.0000,0.456939
1905.0000,0.456656
1906.0000,0.456422
1907.0000,0.456238
1908.0000,0.456106
1909.0000,0.456027
1910.0000,0.456000
1911.0000,0.456027
1912.0000,0.456106
1913.0000,0.456238
1914.0000,0.456422
1915.0000,0.456656
1916.0000,0.456939
1917.0000,0.457269
1918.0000,0.457644
1919.0000,0.458062
1920.0000,0.458519
1921.0000,0.459014
1922.0000,0.459542
1923.0000,0.460102
1924.0000,0.460689
1925.0000,0.461300
1926.0000,0.461932
1927.0000,0.462581
1928.0000,0.463245
1929.0000,0.463918
1930.0000,0.464599
1931.0000,0.465284
1932.0000,0.465969
1933.0000,0.466652
1934.0000,0.467330
1935.0000,0.468000
1936.0000,0.468660
1937.0000,0.469307
1938.0000,0.469940
1939.0000,0.470556
1940.0000,0.471154
1941.0000,0.471733
1942.0000,0.472291
1943.0000,0.472827
1944.0000,0.473341
1945.0000,0.473831
1946.0000,0.474298
1947.0000,0.474742
1948.0000,0.475161
1949.0000,0.475558
1950.0000,0.475930
1951.0000,0.476280
1952.0000,0.476607
1953.0000,0.476912
1954.0000,0.477196
1955.0000,0.477460
1956.0000,0.477704
1957.0000,0.477929
1958.0000,0.478136
1959.0000,0.478326
1960.0000,0.478500
1961.0000,0.478659
1962.0000,0.478804
1963.0000,0.478935
1964.0000,0.479054
1965.0000,0.479162
1966.0000,0.479259
1967.0000,0.479346
1968.0000,0.479425
1969.0000,0.479495
1970.0000,0.479557
1971.0000,0.479613
1972.0000,0.479662
1973.0000,0.479706
1974.0000,0.479745
1975.0000,0.479779
1976.0000,0.479809
1977.0000,0.479835
1978.0000,0.479858
1979.0000,0.479878
1980.0000,0.479895
1981.0000,0.479910
1982.0000,0.479924
1983.0000,0.479935
1984.0000,0.479945
1985.0000,0.479953
1986.0000,0.479960
1987.0000,0.479967
1988.0000,0.479972
1989.0000,0.479976
1990.0000,0.479980
1991.0000,0.479983
1992.0000,0.479986
1993.0000,0.479988
1994.0000,0.479990
1995.0000,0.479992
1996.0000,0.479993
1997.0000,0.479995
1998.0000,0.479996
1999.0000,0.479996
2000.0000,0.479997
2001.0000,0.479997
2002.0000,0.479997
2003.0000,0.479995
2004.0000,0.479993
2005.0000,0.479990
2006.0000,0.479986
2007.0000,0.479981
2008.0000,0.479976
2009.0000,0.479970
2010.0000,0.479963
2011.0000,0.479955
2012.0000,0.479947
2013.0000,0.479938
2014.0000,0.479928
2015.0000,0.479917
2016.0000,0.479906
2017.0000,0.479894
2018.0000,0.479881
2019.0000,0.479868
2020.0000,0.479854
2021.0000,0.479839
2022.0000,0.479823
2023.0000,0.479807
2024.0000,0.479790
2025.0000,0.479772
2026.0000,0.479754
2027.0000,0.479735
2028.0000,0.479715
2029.0000,0.479694
2030.0000,0.479673
2031.0000,0.479651
2032.0000,0.479629
2033.0000,0.479605
2034.0000,0.479582
2035.0000,0.479557
2036.0000,0.479532
2037.0000,0.479505
2038.0000,0.479479
2039.0000,0.479451
2040.0000,0.479423
2041.0000,0.479395
2042.0000,0.479365
2043.0000,0.479335
2044.0000,0.479304
2045.0000,0.479273
2046.0000,0.479241
2047.0000,0.479208
2048.0000,0.479174
2049.0000,0.479140
2050.0000,0.479105
2051.0000,0.479070
2052.0000,0.479034
2053.0000,0.478997
2054.0000,0.478960
2055.0000,0.478922
2056.0000,0.478883
2057.0000,0.478843
2058.0000,0.478803
2059.0000,0.478763
2060.0000,0.478721
2061.0000,0.478679
2062.0000,0.478637
2063.0000,0.478593
2064.0000,0.478549
2065.0000,0.478505
2066.0000,0.478460
2067.0000,0.478414
2068.0000,0.478367
2069.0000,0.478320
2070.0000,0.478272
2071.0000,0.478224
2072.0000,0.478175
2073.0000,0.478125
2074.0000,0.478075
2075.0000,0.478024
2076.0000,0.477973
2077.0000,0.477920
2078.0000,0.477868
2079.0000,0.477814
2080.0000,0.477760
2081.0000,0.477706
2082.0000,0.477650
2083.0000,0.477595
2084.0000,0.477538
2085.0000,0.477481
2086.0000,0.477423
2087.0000,0.477365
2088.0000,0.477306
2089.0000,0.477247
2090.0000,0.477187
2091.0000,0.477126
2092.0000,0.477065
2093.0000,0.477003
2094.0000,0.476940
2095.0000,0.476877
2096.0000,0.476813
2097.0000,0.476749
2098.0000,0.476684
2099.0000,0.476619
2100.0000,0.476553
2101.0000,0.476486
2102.0000,0.476419
2103.0000,0.476351
2104.0000,0.476283
2105.0000,0.476214
2106.0000,0.476144
2107.0000,0.476074
2108.0000,0.476004
2109.0000,0.475932
2110.0000,0.475860
2111.0000,0.475788
2112.0000,0.475715
2113.0000,0.475642
2114.0000,0.475568
2115.0000,0.475493
2116.0000,0.475418
2117.0000,0.475342
2118.0000,0.475266
2119.0000,0.475189
2120.0000,0.475111
2121.0000,0.475033
2122.0000,0.474955
2123.0000,0.474876
2124.0000,0.474796
2125.0000,0.474716
2126.0000,0.474635
2127.0000,0.474554
2128.0000,0.474472
2129.0000,0.474390
2130.0000,0.474307
2131.0000,0.474223
2132.0000,0.474139
2133.0000,0.474055
2134.0000,0.473970
2135.0000,0.473884
2136.0000,0.473798
2137.0000,0.473712
2138.0000,0.473624
2139.0000,0.473537
2140.0000,0.473449
2141.0000,0.473360
2142.0000,0.473271
2143.0000,0.473181
2144.0000,0.473091
2145.0000,0.473000
2146.0000,0.472909
2147.0000,0.472817
2148.0000,0.472724
2149.0000,0.472632
2150.0000,0.472538
2151.0000,0.472444
2152.0000,0.472350
2153.0000,0.472255
2154.0000,0.472160
2155.0000,0.472064
2156.0000,0.471968
2157.0000,0.471871
2158.0000,0.471773
2159.0000,0.471675
2160.0000,0.471577
2161.0000,0.471478
2162.0000,0.471379
2163.0000,0.471279
2164.0000,0.471179
2165.0000,0.471078
2166.0000,0.470977
2167.0000,0.470875
2168.0000,0.470773
2169.0000,0.470670
2170.0000,0.470567
2171.0000,0.470463
2172.0000,0.470359
2173.0000,0.470255
2174.0000,0.470150
2175.0000,0.470044
2176.0000,0.469938
2177.0000,0.469832
2178.0000,0.469725
2179.0000,0.469617
2180.0000,0.469509
2181.0000,0.469401
2182.0000,0.469292
2183.0000,0.469183
2184.0000,0.469073
2185.0000,0.468963
2186.0000,0.468853
2187.0000,0.468742
2188.0000,0.468630
2189.0000,0.468518
2190.0000,0.468406
2191.0000,0.468293
2192.0000,0.468179
2193.0000,0.468065
2194.0000,0.467950
2195.0000,0.467835
2196.0000,0.467719
2197.0000,0.467602
2198.0000,0.467484
2199.0000,0.467364
2200.0000,0.467244
2201.0000,0.467121
2202.0000,0.466996
2203.0000,0.466867
2204.0000,0.466735
2205.0000,0.466599
2206.0000,0.466456
2207.0000,0.466305
2208.0000,0.466145
2209.0000,0.465973
2210.0000,0.465786
2211.0000,0.465580
2212.0000,0.465352
2213.0000,0.465096
2214.0000,0.464807
2215.0000,0.464477
2216.0000,0.464099
2217.0000,0.463664
2218.0000,0.463163
2219.0000,0.462584
2220.0000,0.461914
2221.0000,0.461142
2222.0000,0.460254
2223.0000,0.459233
2224.0000,0.458067
2225.0000,0.456739
2226.0000,0.455236
2227.0000,0.453543
2228.0000,0.451648
2229.0000,0.449540
2230.0000,0.447210
2231.0000,0.444654
2232.0000,0.441871
2233.0000,0.438862
2234.0000,0.435635
2235.0000,0.432204
2236.0000,0.428586
2237.0000,0.424806
2238.0000,0.420893
2239.0000,0.416884
2240.0000,0.412818
2241.0000,0.408743
2242.0000,0.404707
2243.0000,0.400762
2244.0000,0.396964
2245.0000,0.393368
2246.0000,0.390028
2247.0000,0.386996
2248.0000,0.384321
2249.0000,0.382047
2250.0000,0.380212
2251.0000,0.378847
2252.0000,0.377973
2253.0000,0.377605
2254.0000,0.377746
2255.0000,0.378392
2256.0000,0.379527
2257.0000,0.381128
2258.0000,0.383165
2259.0000,0.385599
2260.0000,0.388384
2261.0000,0.391472
2262.0000,0.394810
2263.0000,0.398343
2264.0000,0.402015
2265.0000,0.405772
2266.0000,0.409561
2267.0000,0.413332
2268.0000,0.417040
2269.0000,0.420643
2270.0000,0.424106
2271.0000,0.427399
2272.0000,0.430496
2273.0000,0.433379
2274.0000,0.436035
2275.0000,0.438454
2276.0000,0.440633
2277.0000,0.442572
2278.0000,0.444275
2279.0000,0.445746
2280.0000,0.446996
2281.0000,0.448033
2282.0000,0.448868
2283.0000,0.449513
2284.0000,0.449979
2285.0000,0.450276
2286.0000,0.450414
2287.0000,0.450403
2288.0000,0.450250
2289.0000,0.449961
2290.0000,0.449542
2291.0000,0.448997
2292.0000,0.448326
2293.0000,0.447532
2294.0000,0.446615
2295.0000,0.445572
2296.0000,0.444402
2297.0000,0.443101
2298.0000,0.441666
2299.0000,0.440093
2300.0000,0.438378
2301.0000,0.436515
2302.0000,0.434501
2303.0000,0.432331
2304.0000,0.430003
2305.0000,0.427512
2306.0000,0.424858
2307.0000,0.422038
2308.0000,0.419052
2309.0000,0.415903
2310.0000,0.412593
2311.0000,0.409126
2312.0000,0.405508
2313.0000,0.401746
2314.0000,0.397851
2315.0000,0.393833
2316.0000,0.389705
2317.0000,0.385483
2318.0000,0.381182
2319.0000,0.376823
2320.0000,0.372425
2321.0000,0.368008
2322.0000,0.363598
2323.0000,0.359217
2324.0000,0.354891
2325.0000,0.350645
2326.0000,0.346507
2327.0000,0.342501
2328.0000,0.338656
2329.0000,0.334997
2330.0000,0.331548
2331.0000,0.328336
2332.0000,0.325382
2333.0000,0.322708
2334.0000,0.320334
2335.0000,0.318277
2336.0000,0.316553
2337.0000,0.315173
2338.0000,0.314149
2339.0000,0.313486
2340.0000,0.313189
2341.0000,0.313260
2342.0000,0.313696
2343.0000,0.314492
2344.0000,0.315641
2345.0000,0.317131
2346.0000,0.318950
2347.0000,0.321082
2348.0000,0.323509
2349.0000,0.326211
2350.0000,0.329165
2351.0000,0.332349
2352.0000,0.335737
2353.0000,0.339304
2354.0000,0.343025
2355.0000,0.346872
2356.0000,0.350818
2357.0000,0.354839
2358.0000,0.358908
2359.0000,0.363000
2360.0000,0.367091
2361.0000,0.371160
2362.0000,0.375183
2363.0000,0.379143
2364.0000,0.383020
2365.0000,0.386798
2366.0000,0.390464
2367.0000,0.394004
2368.0000,0.397407
2369.0000,0.400666
2370.0000,0.403772
2371.0000,0.406720
2372.0000,0.409507
2373.0000,0.412131
2374.0000,0.414590
2375.0000,0.416886
2376.0000,0.419021
2377.0000,0.420997
2378.0000,0.422818
2379.0000,0.424490
2380.0000,0.426017
2381.0000,0.427406
2382.0000,0.428664
2383.0000,0.429796
2384.0000,0.430810
2385.0000,0.431714
2386.0000,0.432514
2387.0000,0.433217
2388.0000,0.433831
2389.0000,0.434363
2390.0000,0.434819
2391.0000,0.435205
2392.0000,0.435529
2393.0000,0.435794
2394.0000,0.436008
2395.0000,0.436175
2396.0000,0.436300
2397.0000,0.436387
2398.0000,0.436441
2399.0000,0.436464
2400.0000,0.436462
2401.0000,0.436436
2402.0000,0.436389
2403.0000,0.436325
2404.0000,0.436245
2405.0000,0.436152
2406.0000,0.436046
2407.0000,0.435931
2408.0000,0.435806
2409.0000,0.435674
2410.0000,0.435536
2411.0000,0.435391
2412.0000,0.435243
2413.0000,0.435090
2414.0000,0.434933
2415.0000,0.434774
2416.0000,0.434613
2417.0000,0.434449
2418.0000,0.434284
2419.0000,0.434117
2420.0000,0.433949
2421.0000,0.433780
2422.0000,0.433610
2423.0000,0.433439
2424.0000,0.433268
2425.0000,0.433097
2426.0000,0.432925
2427.0000,0.432752
2428.0000,0.432579
2429.0000,0.432406
2430.0000,0.432233
2431.0000,0.432060
2432.0000,0.431886
2433.0000,0.431713
2434.0000,0.431539
2435.0000,0.431365
2436.0000,0.431191
2437.0000,0.431017
2438.0000,0.430843
2439.0000,0.430669
2440.0000,0.430495
2441.0000,0.430320
2442.0000,0.430146
2443.0000,0.429971
2444.0000,0.429797
2445.0000,0.429622
2446.0000,0.429448
2447.0000,0.429273
2448.0000,0.429099
2449.0000,0.428924
2450.0000,0.428749
2451.0000,0.428574
2452.0000,0.428399
2453.0000,0.428225
2454.0000,0.428050
2455.0000,0.427875
2456.0000,0.427700
2457.0000,0.427525
2458.0000,0.427350
2459.0000,0.427175
2460.0000,0.427000
2461.0000,0.426825
2462.0000,0.426650
2463.0000,0.426475
2464.0000,0.426300
2465.0000,0.426125
2466.0000,0.425949
2467.0000,0.425774
2468.0000,0.425599
2469.0000,0.425424
2470.0000,0.425249
2471.0000,0.425074
2472.0000,0.424899
2473.0000,0.424723
2474.0000,0.424548
2475.0000,0.424373
2476.0000,0.424198
2477.0000,0.424023
2478.0000,0.423848
2479.0000,0.423673
2480.0000,0.423498
2481.0000,0.423322
2482.0000,0.423147
2483.0000,0.422972
2484.0000,0.422797
2485.0000,0.422622
2486.0000,0.422447
2487.0000,0.422272
2488.0000,0.422097
2489.0000,0.421922
2490.0000,0.421747
2491.0000,0.421572
2492.0000,0.421398
2493.0000,0.421223
2494.0000,0.421048
2495.0000,0.420873
2496.0000,0.420699
2497.0000,0.420524
2498.0000,0.420349
2499.0000,0.420175
2500.0000,0.420000
