# swirl-format: 1
# swirl-version: 0.1.0.dev0
# quantity: reflectance
# [hematite] meta: {"synthetic": true, "end_member": "hematite", "label": "Hematite (Fe3+ charge-transfer edge, crystal-field band ~870 nm)"}
# [hematite] history: [{"name": "synthesize", "params": {"end_member": {"key": "hematite", "label": "Hematite (Fe3+ charge-transfer edge, crystal-field band ~870 nm)", "continuum": [[350.0, 0.03], [500.0, 0.04], [560.0, 0.06], [620.0, 0.15], [700.0, 0.25], [760.0, 0.29], [1300.0, 0.33], [2500.0, 0.34]], "features": [{"center": 870.0, "fwhm": 180.0, "depth": 0.3, "assignment": "Fe3+ crystal field"}]}}, "swirl_version": "0.1.0.dev0"}]
wavelength_nm,hematite
350.0000,0.030000
351.0000,0.030001
352.0000,0.030002
353.0000,0.030005
354.0000,0.030008
355.0000,0.030013
356.0000,0.030018
357.0000,0.030025
358.0000,0.030033
359.0000,0.030041
360.0000,0.030051
361.0000,0.030062
362.0000,0.030073
363.0000,0.030086
364.0000,0.030100
365.0000,0.030114
366.0000,0.030130
367.0000,0.030146
368.0000,0.030164
369.0000,0.030183
370.0000,0.030202
371.0000,0.030223
372.0000,0.030244
373.0000,0.030267
374.0000,0.030290
375.0000,0.030314
376.0000,0.030340
377.0000,0.030366
378.0000,0.030393
379.0000,0.030421
380.0000,0.030451
381.0000,0.030481
382.0000,0.030512
383.0000,0.030544
384.0000,0.030577
385.0000,0.030610
386.0000,0.030645
387.0000,0.030681
388.0000,0.030717
389.0000,0.030755
390.0000,0.030793
391.0000,0.030833
392.0000,0.030873
393.0000,0.030914
394.0000,0.030956
395.0000,0.030999
396.0000,0.031043
397.0000,0.031088
398.0000,0.031134
399.0000,0.031181
400.0000,0.031228
401.0000,0.031276
402.0000,0.031326
403.0000,0.031376
404.0000,0.031427
405.0000,0.031479
406.0000,0.031532
407.0000,0.031585
408.0000,0.031640
409.0000,0.031695
410.0000,0.031752
411.0000,0.031809
412.0000,0.031867
413.0000,0.031926
414.0000,0.031985
415.0000,0.032046
416.0000,0.032107
417.0000,0.032169
418.0000,0.032232
419.0000,0.032296
420.0000,0.032361
421.0000,0.032427
422.0000,0.032493
423.0000,0.032560
424.0000,0.032628
425.0000,0.032697
426.0000,0.032767
427.0000,0.032838
428.0000,0.032909
429.0000,0.032981
430.0000,0.033054
431.0000,0.033128
432.0000,0.033202
433.0000,0.033278
434.0000,0.033354
435.0000,0.033431
436.0000,0.033509
437.0000,0.033587
438.0000,0.033666
439.0000,0.033746
440.0000,0.033827
441.0000,0.033909
442.0000,0.033991
443.0000,0.034075
444.0000,0.034159
445.0000,0.034243
446.0000,0.034329
447.0000,0.034415
448.0000,0.034502
449.0000,0.034590
450.0000,0.034678
451.0000,0.034768
452.0000,0.034858
453.0000,0.034948
454.0000,0.035040
455.0000,0.035132
456.0000,0.035225
457.0000,0.035319
458.0000,0.035413
459.0000,0.035508
460.0000,0.035604
461.0000,0.035701
462.0000,0.035798
463.0000,0.035896
464.0000,0.035995
465.0000,0.036094
466.0000,0.036194
467.0000,0.036295
468.0000,0.036397
469.0000,0.036499
470.0000,0.036602
471.0000,0.036706
472.0000,0.036810
473.0000,0.036915
474.0000,0.037021
475.0000,0.037127
476.0000,0.037234
477.0000,0.037342
478.0000,0.037450
479.0000,0.037559
480.0000,0.037669
481.0000,0.037780
482.0000,0.037891
483.0000,0.038002
484.0000,0.038115
485.0000,0.038228
486.0000,0.038342
487.0000,0.038456
488.0000,0.038571
489.0000,0.038686
490.0000,0.038803
491.0000,0.038920
492.0000,0.039037
493.0000,0.039155
494.0000,0.039274
495.0000,0.039394
496.0000,0.039514
497.0000,0.039634
498.0000,0.039756
499.0000,0.039877
500.0000,0.040000
501.0000,0.040126
502.0000,0.040259
503.0000,0.040400
504.0000,0.040547
505.0000,0.040701
506.0000,0.040862
507.0000,0.041030
508.0000,0.041205
509.0000,0.041387
510.0000,0.041577
511.0000,0.041773
512.0000,0.041976
513.0000,0.042186
514.0000,0.042403
515.0000,0.042627
516.0000,0.042858
517.0000,0.043096
518.0000,0.043341
519.0000,0.043593
520.0000,0.043852
521.0000,0.044118
522.0000,0.044391
523.0000,0.044672
524.0000,0.044959
525.0000,0.045253
526.0000,0.045554
527.0000,0.045862
528.0000,0.046178
529.0000,0.046500
530.0000,0.046829
531.0000,0.047166
532.0000,0.047509
533.0000,0.047860
534.0000,0.048217
535.0000,0.048582
536.0000,0.048954
537.0000,0.049332
538.0000,0.049718
539.0000,0.050111
540.0000,0.050511
541.0000,0.050918
542.0000,0.051332
543.0000,0.051753
544.0000,0.052181
545.0000,0.052616
546.0000,0.053059
547.0000,0.053508
548.0000,0.053964
549.0000,0.054428
550.0000,0.054899
551.0000,0.055376
552.0000,0.055861
553.0000,0.056353
554.0000,0.056852
555.0000,0.057358
556.0000,0.057871
557.0000,0.058392
558.0000,0.058919
559.0000,0.059454
560.0000,0.059995
561.0000,0.060574
562.0000,0.061219
563.0000,0.061928
564.0000,0.062700
565.0000,0.063533
566.0000,0.064424
567.0000,0.065373
568.0000,0.066377
569.0000,0.067434
570.0000,0.068543
571.0000,0.069702
572.0000,0.070909
573.0000,0.072162
574.0000,0.073460
575.0000,0.074800
576.0000,0.076181
577.0000,0.077601
578.0000,0.079058
579.0000,0.080550
580.0000,0.082076
581.0000,0.083634
582.0000,0.085222
583.0000,0.086838
584.0000,0.088480
585.0000,0.090146
586.0000,0.091836
587.0000,0.093546
588.0000,0.095275
589.0000,0.097021
590.0000,0.098783
591.0000,0.100558
592.0000,0.102345
593.0000,0.104143
594.0000,0.105948
595.0000,0.107759
596.0000,0.109575
597.0000,0.111394
598.0000,0.113214
599.0000,0.115033
600.0000,0.116848
601.0000,0.118660
602.0000,0.120465
603.0000,0.122262
604.0000,0.124048
605.0000,0.125823
606.0000,0.127584
607.0000,0.129330
608.0000,0.131058
609.0000,0.132768
610.0000,0.134456
611.0000,0.136121
612.0000,0.137762
613.0000,0.139377
614.0000,0.140963
615.0000,0.142519
616.0000,0.144044
617.0000,0.145534
618.0000,0.146990
619.0000,0.148407
620.0000,0.149786
621.0000,0.151146
622.0000,0.152509
623.0000,0.153875
624.0000,0.155243
625.0000,0.156614
626.0000,0.157986
627.0000,0.159360
628.0000,0.160736
629.0000,0.162112
630.0000,0.163490
631.0000,0.164867
632.0000,0.166245
633.0000,0.167623
634.0000,0.169001
635.0000,0.170377
636.0000,0.171753
637.0000,0.173128
638.0000,0.174501
639.0000,0.175872
640.0000,0.177241
641.0000,0.178608
642.0000,0.179972
643.0000,0.181333
644.0000,0.182691
645.0000,0.184045
646.0000,0.185395
647.0000,0.186740
648.0000,0.188082
649.0000,0.189418
650.0000,0.190750
651.0000,0.192075
652.0000,0.193395
653.0000,0.194709
654.0000,0.196017
655.0000,0.197318
656.0000,0.198612
657.0000,0.199898
658.0000,0.201177
659.0000,0.202448
660.0000,0.203711
661.0000,0.204965
662.0000,0.206210
663.0000,0.207446
664.0000,0.208673
665.0000,0.209889
666.0000,0.211095
667.0000,0.212291
668.0000,0.213476
669.0000,0.214650
670.0000,0.215812
671.0000,0.216962
672.0000,0.218100
673.0000,0.219226
674.0000,0.220339
675.0000,0.221439
676.0000,0.222525
677.0000,0.223597
678.0000,0.224655
679.0000,0.225699
680.0000,0.226728
681.0000,0.227741
682.0000,0.228740
683.0000,0.229722
684.0000,0.230688
685.0000,0.231638
686.0000,0.232570
687.0000,0.233486
688.0000,0.234384
689.0000,0.235264
690.0000,0.236127
691.0000,0.236970
692.0000,0.237795
693.0000,0.238601
694.0000,0.239387
695.0000,0.240153
696.0000,0.240899
697.0000,0.241625
698.0000,0.242330
699.0000,0.243013
700.0000,0.243676
701.0000,0.244326
702.0000,0.244974
703.0000,0.245619
704.0000,0.246261
705.0000,0.246898
706.0000,0.247531
707.0000,0.248158
708.0000,0.248779
709.0000,0.249393
710.0000,0.250001
711.0000,0.250600
712.0000,0.251191
713.0000,0.251773
714.0000,0.252346
715.0000,0.252908
716.0000,0.253459
717.0000,0.253999
718.0000,0.254528
719.0000,0.255043
720.0000,0.255546
721.0000,0.256035
722.0000,0.256510
723.0000,0.256970
724.0000,0.257414
725.0000,0.257843
726.0000,0.258255
727.0000,0.258651
728.0000,0.259029
729.0000,0.259389
730.0000,0.259730
731.0000,0.260053
732.0000,0.260356
733.0000,0.260638
734.0000,0.260901
735.0000,0.261142
736.0000,0.261362
737.0000,0.261560
738.0000,0.261735
739.0000,0.261888
740.0000,0.262017
741.0000,0.262123
742.0000,0.262204
743.0000,0.262261
744.0000,0.262292
745.0000,0.262299
746.0000,0.262279
747.0000,0.262234
748.0000,0.262162
749.0000,0.262063
750.0000,0.261937
751.0000,0.261783
752.0000,0.261601
753.0000,0.261391
754.0000,0.261153
755.0000,0.260886
756.0000,0.260590
757.0000,0.260264
758.0000,0.259909
759.0000,0.259524
760.0000,0.259109
761.0000,0.258675
762.0000,0.258235
763.0000,0.257788
764.0000,0.257335
765.0000,0.256875
766.0000,0.256409
767.0000,0.255937
768.0000,0.255459
769.0000,0.254975
770.0000,0.254485
771.0000,0.253989
772.0000,0.253488
773.0000,0.252982
774.0000,0.252470
775.0000,0.251953
776.0000,0.251431
777.0000,0.250905
778.0000,0.250374
779.0000,0.249838
780.0000,0.249298
781.0000,0.248754
782.0000,0.248207
783.0000,0.247655
784.0000,0.247100
785.0000,0.246542
786.0000,0.245981
787.0000,0.245417
788.0000,0.244850
789.0000,0.244281
790.0000,0.243710
791.0000,0.243137
792.0000,0.242562
793.0000,0.241985
794.0000,0.241408
795.0000,0.240829
796.0000,0.240250
797.0000,0.239670
798.0000,0.239089
799.0000,0.238509
800.0000,0.237929
801.0000,0.237350
802.0000,0.236771
803.0000,0.236194
804.0000,0.235618
805.0000,0.235043
806.0000,0.234470
807.0000,0.233900
808.0000,0.233332
809.0000,0.232766
810.0000,0.232204
811.0000,0.231645
812.0000,0.231090
813.0000,0.230538
814.0000,0.229991
815.0000,0.229448
816.0000,0.228909
817.0000,0.228376
818.0000,0.227848
819.0000,0.227326
820.0000,0.226810
821.0000,0.226299
822.0000,0.225796
823.0000,0.225299
824.0000,0.224809
825.0000,0.224326
826.0000,0.223851
827.0000,0.223384
828.0000,0.222925
829.0000,0.222474
830.0000,0.222032
831.0000,0.221599
832.0000,0.221175
833.0000,0.220761
834.0000,0.220356
835.0000,0.219962
836.0000,0.219578
837.0000,0.219204
838.0000,0.218841
839.0000,0.218489
840.0000,0.218148
841.0000,0.217819
842.0000,0.217501
843.0000,0.217195
844.0000,0.216902
845.0000,0.216620
846.0000,0.216352
847.0000,0.216096
848.0000,0.215853
849.0000,0.215623
850.0000,0.215406
851.0000,0.215203
852.0000,0.215013
853.0000,0.214837
854.0000,0.214675
855.0000,0.214528
856.0000,0.214394
857.0000,0.214275
858.0000,0.214170
859.0000,0.214080
860.0000,0.214005
861.0000,0.213944
862.0000,0.213899
863.0000,0.213868
864.0000,0.213852
865.0000,0.213852
866.0000,0.213867
867.0000,0.213897
868.0000,0.213943
869.0000,0.214003
870.0000,0.214080
871.0000,0.214171
872.0000,0.214278
873.0000,0.214401
874.0000,0.214539
875.0000,0.214692
876.0000,0.214861
877.0000,0.215045
878.0000,0.215244
879.0000,0.215459
880.0000,0.215689
881.0000,0.215934
882.0000,0.216195
883.0000,0.216470
884.0000,0.216761
885.0000,0.217066
886.0000,0.217386
887.0000,0.217721
888.0000,0.218070
889.0000,0.218434
890.0000,0.218812
891.0000,0.219204
892.0000,0.219611
893.0000,0.220031
894.0000,0.220465
895.0000,0.220912
896.0000,0.221373
897.0000,0.221847
898.0000,0.222335
899.0000,0.222835
900.0000,0.223347
901.0000,0.223873
902.0000,0.224410
903.0000,0.224960
904.0000,0.225521
905.0000,0.226094
906.0000,0.226678
907.0000,0.227274
908.0000,0.227880
909.0000,0.228497
910.0000,0.229125
911.0000,0.229763
912.0000,0.230410
913.0000,0.231067
914.0000,0.231734
915.0000,0.232410
916.0000,0.233095
917.0000,0.233788
918.0000,0.234490
919.0000,0.235200
920.0000,0.235917
921.0000,0.236643
922.0000,0.237375
923.0000,0.238114
924.0000,0.238860
925.0000,0.239613
926.0000,0.240371
927.0000,0.241136
928.0000,0.241905
929.0000,0.242681
930.0000,0.243461
931.0000,0.244245
932.0000,0.245035
933.0000,0.245828
934.0000,0.246625
935.0000,0.247426
936.0000,0.248230
937.0000,0.249036
938.0000,0.249846
939.0000,0.250658
940.0000,0.251472
941.0000,0.252288
942.0000,0.253106
943.0000,0.253925
944.0000,0.254745
945.0000,0.255565
946.0000,0.256387
947.0000,0.257208
948.0000,0.258030
949.0000,0.258851
950.0000,0.259672
951.0000,0.260492
952.0000,0.261311
953.0000,0.262128
954.0000,0.262945
955.0000,0.263759
956.0000,0.264572
957.0000,0.265383
958.0000,0.266191
959.0000,0.266996
960.0000,0.267799
961.0000,0.268599
962.0000,0.269395
963.0000,0.270189
964.0000,0.270978
965.0000,0.271764
966.0000,0.272546
967.0000,0.273323
968.0000,0.274096
969.0000,0.274865
970.0000,0.275629
971.0000,0.276388
972.0000,0.277143
973.0000,0.277892
974.0000,0.278636
975.0000,0.279374
976.0000,0.280107
977.0000,0.280834
978.0000,0.281555
979.0000,0.282271
980.0000,0.282980
981.0000,0.283684
982.0000,0.284381
983.0000,0.285071
984.0000,0.285755
985.0000,0.286433
986.0000,0.287104
987.0000,0.287768
988.0000,0.288426
989.0000,0.289077
990.0000,0.289721
991.0000,0.290357
992.0000,0.290987
993.0000,0.291610
994.0000,0.292225
995.0000,0.292834
996.0000,0.293435
997.0000,0.294029
998.0000,0.294616
999.0000,0.295195
1000.0000,0.295767
1001.0000,0.296332
1002.0000,0.296889
1003.0000,0.297439
1004.0000,0.297982
1005.0000,0.298517
1006.0000,0.299045
1007.0000,0.299566
1008.0000,0.300079
1009.0000,0.300585
1010.0000,0.301084
1011.0000,0.301575
1012.0000,0.302059
1013.0000,0.302536
1014.0000,0.303005
1015.0000,0.303468
1016.0000,0.303923
1017.0000,0.304371
1018.0000,0.304812
1019.0000,0.305246
1020.0000,0.305673
1021.0000,0.306093
1022.0000,0.306506
1023.0000,0.306912
1024.0000,0.307312
1025.0000,0.307704
1026.0000,0.308090
1027.0000,0.308470
1028.0000,0.308843
1029.0000,0.309209
1030.0000,0.309569
1031.0000,0.309922
1032.0000,0.310270
1033.0000,0.310611
1034.0000,0.310945
1035.0000,0.311274
1036.0000,0.311597
1037.0000,0.311913
1038.0000,0.312224
1039.0000,0.312529
1040.0000,0.312829
1041.0000,0.313122
1042.0000,0.313410
1043.0000,0.313693
1044.0000,0.313970
1045.0000,0.314242
1046.0000,0.314508
1047.0000,0.314769
1048.0000,0.315026
1049.0000,0.315277
1050.0000,0.315523
1051.0000,0.315764
1052.0000,0.316001
1053.0000,0.316232
1054.0000,0.316459
1055.0000,0.316682
1056.0000,0.316900
1057.0000,0.317114
1058.0000,0.317323
1059.0000,0.317528
1060.0000,0.317729
1061.0000,0.317925
1062.0000,0.318118
1063.0000,0.318307
1064.0000,0.318492
1065.0000,0.318673
1066.0000,0.318850
1067.0000,0.319024
1068.0000,0.319194
1069.0000,0.319360
1070.0000,0.319523
1071.0000,0.319683
1072.0000,0.319840
1073.0000,0.319993
1074.0000,0.320143
1075.0000,0.320290
1076.0000,0.320434
1077.0000,0.320575
1078.0000,0.320713
1079.0000,0.320848
1080.0000,0.320980
1081.0000,0.321110
1082.0000,0.321237
1083.0000,0.321362
1084.0000,0.321484
1085.0000,0.321603
1086.0000,0.321720
1087.0000,0.321835
1088.0000,0.321947
1089.0000,0.322058
1090.0000,0.322166
1091.0000,0.322271
1092.0000,0.322375
1093.0000,0.322477
1094.0000,0.322576
1095.0000,0.322674
1096.0000,0.322770
1097.0000,0.322864
1098.0000,0.322956
1099.0000,0.323047
1100.0000,0.323136
1101.0000,0.323223
1102.0000,0.323308
1103.0000,0.323392
1104.0000,0.323474
1105.0000,0.323555
1106.0000,0.323635
1107.0000,0.323713
1108.0000,0.323789
1109.0000,0.323864
1110.0000,0.323938
1111.0000,0.324011
1112.0000,0.324082
1113.0000,0.324153
1114.0000,0.324222
1115.0000,0.324289
1116.0000,0.324356
1117.0000,0.324422
1118.0000,0.324486
1119.0000,0.324550
1120.0000,0.324613
1121.0000,0.324674
1122.0000,0.324735
1123.0000,0.324794
1124.0000,0.324853
1125.0000,0.324911
1126.0000,0.324968
1127.0000,0.325024
1128.0000,0.325080
1129.0000,0.325134
1130.0000,0.325188
1131.0000,0.325241
1132.0000,0.325294
1133.0000,0.325346
1134.0000,0.325397
1135.0000,0.325447
1136.0000,0.325497
1137.0000,0.325546
1138.0000,0.325594
1139.0000,0.325642
1140.0000,0.325689
1141.0000,0.325736
1142.0000,0.325782
1143.0000,0.325828
1144.0000,0.325873
1145.0000,0.325917
1146.0000,0.325961
1147.0000,0.326005
1148.0000,0.326048
1149.0000,0.326091
1150.0000,0.326133
1151.0000,0.326175
1152.0000,0.326216
1153.0000,0.326257
1154.0000,0.326297
1155.0000,0.326337
1156.0000,0.326377
1157.0000,0.326416
1158.0000,0.326455
1159.0000,0.326494
1160.0000,0.326532
1161.0000,0.326570
1162.0000,0.326607
1163.0000,0.326644
1164.0000,0.326681
1165.0000,0.326718
1166.0000,0.326754
1167.0000,0.326790
1168.0000,0.326826
1169.0000,0.326861
1170.0000,0.326896
1171.0000,0.326931
1172.0000,0.326965
1173.0000,0.326999
1174.0000,0.327033
1175.0000,0.327067
1176.0000,0.327100
1177.0000,0.327133
1178.0000,0.327166
1179.0000,0.327199
1180.0000,0.327232
1181.0000,0.327264
1182.0000,0.327296
1183.0000,0.327327
1184.0000,0.327359
1185.0000,0.327390
1186.0000,0.327421
1187.0000,0.327452
1188.0000,0.327483
1189.0000,0.327513
1190.0000,0.327543
1191.0000,0.327574
1192.0000,0.327603
1193.0000,0.327633
1194.0000,0.327662
1195.0000,0.327692
1196.0000,0.327721
1197.0000,0.327750
1198.0000,0.327778
1199.0000,0.327807
1200.0000,0.327835
1201.0000,0.327863
1202.0000,0.327891
1203.0000,0.327919
1204.0000,0.327947
1205.0000,0.327974
1206.0000,0.328002
1207.0000,0.328029
1208.0000,0.328056
1209.0000,0.328083
1210.0000,0.328109
1211.0000,0.328136
1212.0000,0.328162
1213.0000,0.328188
1214.0000,0.328214
1215.0000,0.328240
1216.0000,0.328266
1217.0000,0.328292
1218.0000,0.328317
1219.0000,0.328342
1220.0000,0.328368
1221.0000,0.328393
1222.0000,0.328417
1223.0000,0.328442
1224.0000,0.328467
1225.0000,0.328491
1226.0000,0.328515
1227.0000,0.328540
1228.0000,0.328564
1229.0000,0.328588
1230.0000,0.328611
1231.0000,0.328635
1232.0000,0.328659
1233.0000,0.328682
1234.0000,0.328705
1235.0000,0.328728
1236.0000,0.328751
1237.0000,0.328774
1238.0000,0.328797
1239.0000,0.328819
1240.0000,0.328842
1241.0000,0.328864
1242.0000,0.328887
1243.0000,0.328909
1244.0000,0.328931
1245.0000,0.328953
1246.0000,0.328974
1247.0000,0.328996
1248.0000,0.329018
1249.0000,0.329039
1250.0000,0.329060
1251.0000,0.329082
1252.0000,0.329103
1253.0000,0.329124
1254.0000,0.329144
1255.0000,0.329165
1256.0000,0.329186
1257.0000,0.329206
1258.0000,0.329227
1259.0000,0.329247
1260.0000,0.329267
1261.0000,0.329288
1262.0000,0.329308
1263.0000,0.329328
1264.0000,0.329347
1265.0000,0.329367
1266.0000,0.329387
1267.0000,0.329406
1268.0000,0.329426
1269.0000,0.329445
1270.0000,0.329464
1271.0000,0.329483
1272.0000,0.329502
1273.0000,0.329521
1274.0000,0.329540
1275.0000,0.329559
1276.0000,0.329578
1277.0000,0.329596
1278.0000,0.329615
1279.0000,0.329633
1280.0000,0.329651
1281.0000,0.329670
1282.0000,0.329688
1283.0000,0.329706
1284.0000,0.329724
1285.0000,0.329742
1286.0000,0.329759
1287.0000,0.329777
1288.0000,0.329795
1289.0000,0.329812
1290.0000,0.329830
1291.0000,0.329847
1292.0000,0.329864
1293.0000,0.329882
1294.0000,0.329899
1295.0000,0.329916
1296.0000,0.329933
1297.0000,0.329950
1298.0000,0.329967
1299.0000,0.329983
1300.0000,0.330000
1301.0000,0.330017
1302.0000,0.330033
1303.0000,0.330050
1304.0000,0.330067
1305.0000,0.330083
1306.0000,0.330100
1307.0000,0.330116
1308.0000,0.330133
1309.0000,0.330149
1310.0000,0.330166
1311.0000,0.330182
1312.0000,0.330199
1313.0000,0.330215
1314.0000,0.330232
1315.0000,0.330248
1316.0000,0.330265
1317.0000,0.330281
1318.0000,0.330298
1319.0000,0.330314
1320.0000,0.330330
1321.0000,0.330347
1322.0000,0.330363
1323.0000,0.330380
1324.0000,0.330396
1325.0000,0.330412
1326.0000,0.330429
1327.0000,0.330445
1328.0000,0.330461
1329.0000,0.330477
1330.0000,0.330494
1331.0000,0.330510
1332.0000,0.330526
1333.0000,0.330542
1334.0000,0.330558
1335.0000,0.330575
1336.0000,0.330591
1337.0000,0.330607
1338.0000,0.330623
1339.0000,0.330639
1340.0000,0.330655
1341.0000,0.330671
1342.0000,0.330688
1343.0000,0.330704
1344.0000,0.330720
1345.0000,0.330736
1346.0000,0.330752
1347.0000,0.330768
1348.0000,0.330784
1349.0000,0.330800
1350.0000,0.330816
1351.0000,0.330832
1352.0000,0.330848
1353.0000,0.330864
1354.0000,0.330880
1355.0000,0.330895
1356.0000,0.330911
1357.0000,0.330927
1358.0000,0.330943
1359.0000,0.330959
1360.0000,0.330975
1361.0000,0.330991
1362.0000,0.331006
1363.0000,0.331022
1364.0000,0.331038
1365.0000,0.331054
1366.0000,0.331069
1367.0000,0.331085
1368.0000,0.331101
1369.0000,0.331117
1370.0000,0.331132
1371.0000,0.331148
1372.0000,0.331164
1373.0000,0.331179
1374.0000,0.331195
1375.0000,0.331211
1376.0000,0.331226
1377.0000,0.331242
1378.0000,0.331257
1379.0000,0.331273
1380.0000,0.331289
1381.0000,0.331304
1382.0000,0.331320
1383.0000,0.331335
1384.0000,0.331351
1385.0000,0.331366
1386.0000,0.331382
1387.0000,0.331397
1388.0000,0.331413
1389.0000,0.331428
1390.0000,0.331443
1391.0000,0.331459
1392.0000,0.331474
1393.0000,0.331490
1394.0000,0.331505
1395.0000,0.331520
1396.0000,0.331536
1397.0000,0.331551
1398.0000,0.331566
1399.0000,0.331582
1400.0000,0.331597
1401.0000,0.331612
1402.0000,0.331627
1403.0000,0.331643
1404.0000,0.331658
1405.0000,0.331673
1406.0000,0.331688
1407.0000,0.331703
1408.0000,0.331719
1409.0000,0.331734
1410.0000,0.331749
1411.0000,0.331764
1412.0000,0.331779
1413.0000,0.331794
1414.0000,0.331809
1415.0000,0.331824
1416.0000,0.331839
1417.0000,0.331854
1418.0000,0.331870
1419.0000,0.331885
1420.0000,0.331900
1421.0000,0.331915
1422.0000,0.331930
1423.0000,0.331944
1424.0000,0.331959
1425.0000,0.331974
1426.0000,0.331989
1427.0000,0.332004
1428.0000,0.332019
1429.0000,0.332034
1430.0000,0.332049
1431.0000,0.332064
1432.0000,0.332078
1433.0000,0.332093
1434.0000,0.332108
1435.0000,0.332123
1436.0000,0.332138
1437.0000,0.332152
1438.0000,0.332167
1439.0000,0.332182
1440.0000,0.332197
1441.0000,0.332211
1442.0000,0.332226
1443.0000,0.332241
1444.0000,0.332255
1445.0000,0.332270
1446.0000,0.332285
1447.0000,0.332299
1448.0000,0.332314
1449.0000,0.332329
1450.0000,0.332343
1451.0000,0.332358
1452.0000,0.332372
1453.0000,0.332387
1454.0000,0.332401
1455.0000,0.332416
1456.0000,0.332430
1457.0000,0.332445
1458.0000,0.332459
1459.0000,0.332474
1460.0000,0.332488
1461.0000,0.332503
1462.0000,0.332517
1463.0000,0.332532
1464.0000,0.332546
1465.0000,0.332560
1466.0000,0.332575
1467.0000,0.332589
1468.0000,0.332603
1469.0000,0.332618
1470.0000,0.332632
1471.0000,0.332646
1472.0000,0.332661
1473.0000,0.332675
1474.0000,0.332689
1475.0000,0.332703
1476.0000,0.332718
1477.0000,0.332732
1478.0000,0.332746
1479.0000,0.332760
1480.0000,0.332774
1481.0000,0.332789
1482.0000,0.332803
1483.0000,0.332817
1484.0000,0.332831
1485.0000,0.332845
1486.0000,0.332859
1487.0000,0.332873
1488.0000,0.332887
1489.0000,0.332901
1490.0000,0.332915
1491.0000,0.332929
1492.0000,0.332943
1493.0000,0.332957
1494.0000,0.332971
1495.0000,0.332985
1496.0000,0.332999
1497.0000,0.333013
1498.0000,0.333027
1499.0000,0.333041
1500.0000,0.333055
1501.0000,0.333069
1502.0000,0.333083
1503.0000,0.333096
1504.0000,0.333110
1505.0000,0.333124
1506.0000,0.333138
1507.0000,0.333152
1508.0000,0.333166
1509.0000,0.333179
1510.0000,0.333193
1511.0000,0.333207
1512.0000,0.333221
1513.0000,0.333234
1514.0000,0.333248
1515.0000,0.333262
1516.0000,0.333275
1517.0000,0.333289
1518.0000,0.333303
1519.0000,0.333316
1520.0000,0.333330
1521.0000,0.333343
1522.0000,0.333357
1523.0000,0.333371
1524.0000,0.333384
1525.0000,0.333398
1526.0000,0.333411
1527.0000,0.333425
1528.0000,0.333438
1529.0000,0.333452
1530.0000,0.333465
1531.0000,0.333479
1532.0000,0.333492
1533.0000,0.333506
1534.0000,0.333519
1535.0000,0.333532
1536.0000,0.333546
1537.0000,0.333559
1538.0000,0.333573
1539.0000,0.333586
1540.0000,0.333599
1541.0000,0.333613
1542.0000,0.333626
1543.0000,0.333639
1544.0000,0.333652
1545.0000,0.333666
1546.0000,0.333679
1547.0000,0.333692
1548.0000,0.333705
1549.0000,0.333719
1550.0000,0.333732
1551.0000,0.333745
1552.0000,0.333758
1553.0000,0.333771
1554.0000,0.333785
1555.0000,0.333798
1556.0000,0.333811
1557.0000,0.333824
1558.0000,0.333837
1559.0000,0.333850
1560.0000,0.333863
1561.0000,0.333876
1562.0000,0.333889
1563.0000,0.333902
1564.0000,0.333915
1565.0000,0.333928
1566.0000,0.333941
1567.0000,0.333954
1568.0000,0.333967
1569.0000,0.333980
1570.0000,0.333993
1571.0000,0.334006
1572.0000,0.334019
1573.0000,0.334032
1574.0000,0.334045
1575.0000,0.334057
1576.0000,0.334070
1577.0000,0.334083
1578.0000,0.334096
1579.0000,0.334109
1580.0000,0.334121
1581.0000,0.334134
1582.0000,0.334147
1583.0000,0.334160
1584.0000,0.334172
1585.0000,0.334185
1586.0000,0.334198
1587.0000,0.334211
1588.0000,0.334223
1589.0000,0.334236
1590.0000,0.334249
1591.0000,0.334261
1592.0000,0.334274
1593.0000,0.334286
1594.0000,0.334299
1595.0000,0.334312
1596.0000,0.334324
1597.0000,0.334337
1598.0000,0.334349
1599.0000,0.334362
1600.0000,0.334374
1601.0000,0.334387
1602.0000,0.334399
1603.0000,0.334412
1604.0000,0.334424
1605.0000,0.334437
1606.0000,0.334449
1607.0000,0.334461
1608.0000,0.334474
1609.0000,0.334486
1610.0000,0.334498
1611.0000,0.334511
1612.0000,0.334523
1613.0000,0.334536
1614.0000,0.334548
1615.0000,0.334560
1616.0000,0.334572
1617.0000,0.334585
1618.0000,0.334597
1619.0000,0.334609
1620.0000,0.334621
1621.0000,0.334634
1622.0000,0.334646
1623.0000,0.334658
1624.0000,0.334670
1625.0000,0.334682
1626.0000,0.334694
1627.0000,0.334707
1628.0000,0.334719
1629.0000,0.334731
1630.0000,0.334743
1631.0000,0.334755
1632.0000,0.334767
1633.0000,0.334779
1634.0000,0.334791
1635.0000,0.334803
1636.0000,0.334815
1637.0000,0.334827
1638.0000,0.334839
1639.0000,0.334851
1640.0000,0.334863
1641.0000,0.334875
1642.0000,0.334887
1643.0000,0.334899
1644.0000,0.334911
1645.0000,0.334923
1646.0000,0.334934
1647.0000,0.334946
1648.0000,0.334958
1649.0000,0.334970
1650.0000,0.334982
1651.0000,0.334994
1652.0000,0.335005
1653.0000,0.335017
1654.0000,0.335029
1655.0000,0.335041
1656.0000,0.335052
1657.0000,0.335064
1658.0000,0.335076
1659.0000,0.335087
1660.0000,0.335099
1661.0000,0.335111
1662.0000,0.335122
1663.0000,0.335134
1664.0000,0.335146
1665.0000,0.335157
1666.0000,0.335169
1667.0000,0.335180
1668.0000,0.335192
1669.0000,0.335204
1670.0000,0.335215
1671.0000,0.335227
1672.0000,0.335238
1673.0000,0.335250
1674.0000,0.335261
1675.0000,0.335273
1676.0000,0.335284
1677.0000,0.335295
1678.0000,0.335307
1679.0000,0.335318
1680.0000,0.335330
1681.0000,0.335341
1682.0000,0.335352
1683.0000,0.335364
1684.0000,0.335375
1685.0000,0.335386
1686.0000,0.335398
1687.0000,0.335409
1688.0000,0.335420
1689.0000,0.335432
1690.0000,0.335443
1691.0000,0.335454
1692.0000,0.335465
1693.0000,0.335477
1694.0000,0.335488
1695.0000,0.335499
1696.0000,0.335510
1697.0000,0.335521
1698.0000,0.335532
1699.0000,0.335544
1700.0000,0.335555
1701.0000,0.335566
1702.0000,0.335577
1703.0000,0.335588
1704.0000,0.335599
1705.0000,0.335610
1706.0000,0.335621
1707.0000,0.335632
1708.0000,0.335643
1709.0000,0.335654
1710.0000,0.335665
1711.0000,0.335676
1712.0000,0.335687
1713.0000,0.335698
1714.0000,0.335709
1715.0000,0.335720
1716.0000,0.335731
1717.0000,0.335742
1718.0000,0.335752
1719.0000,0.335763
1720.0000,0.335774
1721.0000,0.335785
1722.0000,0.335796
1723.0000,0.335807
1724.0000,0.335817
1725.0000,0.335828
1726.0000,0.335839
1727.0000,0.335850
1728.0000,0.335860
1729.0000,0.335871
1730.0000,0.335882
1731.0000,0.335892
1732.0000,0.335903
1733.0000,0.335914
1734.0000,0.335924
1735.0000,0.335935
1736.0000,0.335946
1737.0000,0.335956
1738.0000,0.335967
1739.0000,0.335977
1740.0000,0.335988
1741.0000,0.335999
1742.0000,0.336009
1743.0000,0.336020
1744.0000,0.336030
1745.0000,0.336041
1746.0000,0.336051
1747.0000,0.336062
1748.0000,0.336072
1749.0000,0.336082
1750.0000,0.336093
1751.0000,0.336103
1752.0000,0.336114
1753.0000,0.336124
1754.0000,0.336134
1755.0000,0.336145
1756.0000,0.336155
1757.0000,0.336165
1758.0000,0.336176
1759.0000,0.336186
1760.0000,0.336196
1761.0000,0.336207
1762.0000,0.336217
1763.0000,0.336227
1764.0000,0.336237
1765.0000,0.336248
1766.0000,0.336258
1767.0000,0.336268
1768.0000,0.336278
1769.0000,0.336288
1770.0000,0.336298
1771.0000,0.336309
1772.0000,0.336319
1773.0000,0.336329
1774.0000,0.336339
1775.0000,0.336349
1776.0000,0.336359
1777.0000,0.336369
1778.0000,0.336379
1779.0000,0.336389
1780.0000,0.336399
1781.0000,0.336409
1782.0000,0.336419
1783.0000,0.336429
1784.0000,0.336439
1785.0000,0.336449
1786.0000,0.336459
1787.0000,0.336469
1788.0000,0.336479
1789.0000,0.336489
1790.0000,0.336498
1791.0000,0.336508
1792.0000,0.336518
1793.0000,0.336528
1794.0000,0.336538
1795.0000,0.336548
1796.0000,0.336557
1797.0000,0.336567
1798.0000,0.336577
1799.0000,0.336587
1800.0000,0.336596
1801.0000,0.336606
1802.0000,0.336616
1803.0000,0.336626
1804.0000,0.336635
1805.0000,0.336645
1806.0000,0.336654
1807.0000,0.336664
1808.0000,0.336674
1809.0000,0.336683
1810.0000,0.336693
1811.0000,0.336703
1812.0000,0.336712
1813.0000,0.336722
1814.0000,0.336731
1815.0000,0.336741
1816.0000,0.336750
1817.0000,0.336760
1818.0000,0.336769
1819.0000,0.336779
1820.0000,0.336788
1821.0000,0.336798
1822.0000,0.336807
1823.0000,0.336816
1824.0000,0.336826
1825.0000,0.336835
1826.0000,0.336845
1827.0000,0.336854
1828.0000,0.336863
1829.0000,0.336873
1830.0000,0.336882
1831.0000,0.336891
1832.0000,0.336900
1833.0000,0.336910
1834.0000,0.336919
1835.0000,0.336928
1836.0000,0.336937
1837.0000,0.336947
1838.0000,0.336956
1839.0000,0.336965
1840.0000,0.336974
1841.0000,0.336983
1842.0000,0.336993
1843.0000,0.337002
1844.0000,0.337011
1845.0000,0.337020
1846.0000,0.337029
1847.0000,0.337038
1848.0000,0.337047
1849.0000,0.337056
1850.0000,0.337065
1851.0000,0.337074
1852.0000,0.337083
1853.0000,0.337092
1854.0000,0.337101
1855.0000,0.337110
1856.0000,0.337119
1857.0000,0.337128
1858.0000,0.337137
1859.0000,0.337146
1860.0000,0.337155
1861.0000,0.337164
1862.0000,0.337173
1863.0000,0.337181
1864.0000,0.337190
1865.0000,0.337199
1866.0000,0.337208
1867.0000,0.337217
1868.0000,0.337225
1869.0000,0.337234
1870.0000,0.337243
1871.0000,0.337252
1872.0000,0.337260
1873.0000,0.337269
1874.0000,0.337278
1875.0000,0.337287
1876.0000,0.337295
1877.0000,0.337304
1878.0000,0.337313
1879.0000,0.337321
1880.0000,0.337330
1881.0000,0.337338
1882.0000,0.337347
1883.0000,0.337356
1884.0000,0.337364
1885.0000,0.337373
1886.0000,0.337381
1887.0000,0.337390
1888.0000,0.337398
1889.0000,0.337407
1890.0000,0.337415
1891.0000,0.337424
1892.0000,0.337432
1893.0000,0.337441
1894.0000,0.337449
1895.0000,0.337457
1896.0000,0.337466
1897.0000,0.337474
1898.0000,0.337483
1899.0000,0.337491
1900.0000,0.337499
1901.0000,0.337508
1902.0000,0.337516
1903.0000,0.337524
1904.0000,0.337533
1905.0000,0.337541
1906.0000,0.337549
1907.0000,0.337557
1908.0000,0.337566
1909.0000,0.337574
1910.0000,0.337582
1911.0000,0.337590
1912.0000,0.337598
1913.0000,0.337606
1914.0000,0.337615
1915.0000,0.337623
1916.0000,0.337631
1917.0000,0.337639
1918.0000,0.337647
1919.0000,0.337655
1920.0000,0.337663
1921.0000,0.337671
1922.0000,0.337679
1923.0000,0.337687
1924.0000,0.337695
1925.0000,0.337703
1926.0000,0.337711
1927.0000,0.337719
1928.0000,0.337727
1929.0000,0.337735
1930.0000,0.337743
1931.0000,0.337751
1932.0000,0.337759
1933.0000,0.337767
1934.0000,0.337775
1935.0000,0.337782
1936.0000,0.337790
1937.0000,0.337798
1938.0000,0.337806
1939.0000,0.337814
1940.0000,0.337822
1941.0000,0.337829
1942.0000,0.337837
1943.0000,0.337845
1944.0000,0.337853
1945.0000,0.337860
1946.0000,0.337868
1947.0000,0.337876
1948.0000,0.337883
1949.0000,0.337891
1950.0000,0.337899
1951.0000,0.337906
1952.0000,0.337914
1953.0000,0.337922
1954.0000,0.337929
1955.0000,0.337937
1956.0000,0.337944
1957.0000,0.337952
1958.0000,0.337959
1959.0000,0.337967
1960.0000,0.337974
1961.0000,0.337982
1962.0000,0.337989
1963.0000,0.337997
1964.0000,0.338004
1965.0000,0.338012
1966.0000,0.338019
1967.0000,0.338027
1968.0000,0.338034
1969.0000,0.338041
1970.0000,0.338049
1971.0000,0.338056
1972.0000,0.338063
1973.0000,0.338071
1974.0000,0.338078
1975.0000,0.338085
1976.0000,0.338093
1977.0000,0.338100
1978.0000,0.338107
1979.0000,0.338114
1980.0000,0.338122
1981.0000,0.338129
1982.0000,0.338136
1983.0000,0.338143
1984.0000,0.338150
1985.0000,0.338158
1986.0000,0.338165
1987.0000,0.338172
1988.0000,0.338179
1989.0000,0.338186
1990.0000,0.338193
1991.0000,0.338200
1992.0000,0.338207
1993.0000,0.338214
1994.0000,0.338221
1995.0000,0.338228
1996.0000,0.338235
1997.0000,0.338242
1998.0000,0.338249
1999.0000,0.338256
2000.0000,0.338263
2001.0000,0.338270
2002.0000,0.338277
2003.0000,0.338284
2004.0000,0.338291
2005.0000,0.338298
2006.0000,0.338305
2007.0000,0.338312
2008.0000,0.338318
2009.0000,0.338325
2010.0000,0.338332
2011.0000,0.338339
2012.0000,0.338346
2013.0000,0.338352
2014.0000,0.338359
2015.0000,0.338366
2016.0000,0.338373
2017.0000,0.338379
2018.0000,0.338386
2019.0000,0.338393
2020.0000,0.338399
2021.0000,0.338406
2022.0000,0.338413
2023.0000,0.338419
2024.0000,0.338426
2025.0000,0.338433
2026.0000,0.338439
2027.0000,0.338446
2028.0000,0.338452
2029.0000,0.338459
2030.0000,0.338465
2031.0000,0.338472
2032.0000,0.338478
2033.0000,0.338485
2034.0000,0.338491
2035.0000,0.338498
2036.0000,0.338504
2037.0000,0.338511
2038.0000,0.338517
2039.0000,0.338524
2040.0000,0.338530
2041.0000,0.338536
2042.0000,0.338543
2043.0000,0.338549
2044.0000,0.338555
2045.0000,0.338562
2046.0000,0.338568
2047.0000,0.338574
2048.0000,0.338581
2049.0000,0.338587
2050.0000,0.338593
2051.0000,0.338599
2052.0000,0.338606
2053.0000,0.338612
2054.0000,0.338618
2055.0000,0.338624
2056.0000,0.338631
2057.0000,0.338637
2058.0000,0.338643
2059.0000,0.338649
2060.0000,0.338655
2061.0000,0.338661
2062.0000,0.338667
2063.0000,0.338673
2064.0000,0.338679
2065.0000,0.338685
2066.0000,0.338691
2067.0000,0.338698
2068.0000,0.338704
2069.0000,0.338710
2070.0000,0.338715
2071.0000,0.338721
2072.0000,0.338727
2073.0000,0.338733
2074.0000,0.338739
2075.0000,0.338745
2076.0000,0.338751
2077.0000,0.338757
2078.0000,0.338763
2079.0000,0.338769
2080.0000,0.338775
2081.0000,0.338780
2082.0000,0.338786
2083.0000,0.338792
2084.0000,0.338798
2085.0000,0.338804
2086.0000,0.338809
2087.0000,0.338815
2088.0000,0.338821
2089.0000,0.338826
2090.0000,0.338832
2091.0000,0.338838
2092.0000,0.338844
2093.0000,0.338849
2094.0000,0.338855
2095.0000,0.338861
2096.0000,0.338866
2097.0000,0.338872
2098.0000,0.338877
2099.0000,0.338883
2100.0000,0.338888
2101.0000,0.338894
2102.0000,0.338900
2103.0000,0.338905
2104.0000,0.338911
2105.0000,0.338916
2106.0000,0.338922
2107.0000,0.338927
2108.0000,0.338932
2109.0000,0.338938
2110.0000,0.338943
2111.0000,0.338949
2112.0000,0.338954
2113.0000,0.338960
2114.0000,0.338965
2115.0000,0.338970
2116.0000,0.338976
2117.0000,0.338981
2118.0000,0.338986
2119.0000,0.338992
2120.0000,0.338997
2121.0000,0.339002
2122.0000,0.339007
2123.0000,0.339013
2124.0000,0.339018
2125.0000,0.339023
2126.0000,0.339028
2127.0000,0.339033
2128.0000,0.339039
2129.0000,0.339044
2130.0000,0.339049
2131.0000,0.339054
2132.0000,0.339059
2133.0000,0.339064
2134.0000,0.339069
2135.0000,0.339074
2136.0000,0.339080
2137.0000,0.339085
2138.0000,0.339090
2139.0000,0.339095
2140.0000,0.339100
2141.0000,0.339105
2142.0000,0.339110
2143.0000,0.339115
2144.0000,0.339120
2145.0000,0.339124
2146.0000,0.339129
2147.0000,0.339134
2148.0000,0.339139
2149.0000,0.339144
2150.0000,0.339149
2151.0000,0.339154
2152.0000,0.339159
2153.0000,0.339163
2154.0000,0.339168
2155.0000,0.339173
2156.0000,0.339178
2157.0000,0.339183
2158.0000,0.339187
2159.0000,0.339192
2160.0000,0.339197
2161.0000,0.339202
2162.0000,0.339206
2163.0000,0.339211
2164.0000,0.339216
2165.0000,0.339220
2166.0000,0.339225
2167.0000,0.339230
2168.0000,0.339234
2169.0000,0.339239
2170.0000,0.339243
2171.0000,0.339248
2172.0000,0.339253
2173.0000,0.339257
2174.0000,0.339262
2175.0000,0.339266
2176.0000,0.339271
2177.0000,0.339275
2178.0000,0.339280
2179.0000,0.339284
2180.0000,0.339289
2181.0000,0.339293
2182.0000,0.339297
2183.0000,0.339302
2184.0000,0.339306
2185.0000,0.339311
2186.0000,0.339315
2187.0000,0.339319
2188.0000,0.339324
2189.0000,0.339328
2190.0000,0.339332
2191.0000,0.339337
2192.0000,0.339341
2193.0000,0.339345
2194.0000,0.339349
2195.0000,0.339354
2196.0000,0.339358
2197.0000,0.339362
2198.0000,0.339366
2199.0000,0.339371
2200.0000,0.339375
2201.0000,0.339379
2202.0000,0.339383
2203.0000,0.339387
2204.0000,0.339391
2205.0000,0.339395
2206.0000,0.339399
2207.0000,0.339404
2208.0000,0.339408
2209.0000,0.339412
2210.0000,0.339416
2211.0000,0.339420
2212.0000,0.339424
2213.0000,0.339428
2214.0000,0.339432
2215.0000,0.339436
2216.0000,0.339440
2217.0000,0.339444
2218.0000,0.339448
2219.0000,0.339451
2220.0000,0.339455
2221.0000,0.339459
2222.0000,0.339463
2223.0000,0.339467
2224.0000,0.339471
2225.0000,0.339475
2226.0000,0.339478
2227.0000,0.339482
2228.0000,0.339486
2229.0000,0.339490
2230.0000,0.339494
2231.0000,0.339497
2232.0000,0.339501
2233.0000,0.339505
2234.0000,0.339508
2235.0000,0.339512
2236.0000,0.339516
2237.0000,0.339519
2238.0000,0.339523
2239.0000,0.339527
2240.0000,0.339530
2241.0000,0.339534
2242.0000,0.339538
2243.0000,0.339541
2244.0000,0.339545
2245.0000,0.339548
2246.0000,0.339552
2247.0000,0.339555
2248.0000,0.339559
2249.0000,0.339562
2250.0000,0.339566
2251.0000,0.339569
2252.0000,0.339573
2253.0000,0.339576
2254.0000,0.339580
2255.0000,0.339583
2256.0000,0.339586
2257.0000,0.339590
2258.0000,0.339593
2259.0000,0.339596
2260.0000,0.339600
2261.0000,0.339603
2262.0000,0.339606
2263.0000,0.339610
2264.0000,0.339613
2265.0000,0.339616
2266.0000,0.339620
2267.0000,0.339623
2268.0000,0.339626
2269.0000,0.339629
2270.0000,0.339632
2271.0000,0.339636
2272.0000,0.339639
2273.0000,0.339642
2274.0000,0.339645
2275.0000,0.339648
2276.0000,0.339651
2277.0000,0.339654
2278.0000,0.339658
2279.0000,0.339661
2280.0000,0.339664
2281.0000,0.339667
2282.0000,0.339670
2283.0000,0.339673
2284.0000,0.339676
2285.0000,0.339679
2286.0000,0.339682
2287.0000,0.339685
2288.0000,0.339688
2289.0000,0.339691
2290.0000,0.339694
2291.0000,0.339697
2292.0000,0.339699
2293.0000,0.339702
2294.0000,0.339705
2295.0000,0.339708
2296.0000,0.339711
2297.0000,0.339714
2298.0000,0.339717
2299.0000,0.339719
2300.0000,0.339722
2301.0000,0.339725
2302.0000,0.339728
2303.0000,0.339730
2304.0000,0.339733
2305.0000,0.339736
2306.0000,0.339739
2307.0000,0.339741
2308.0000,0.339744
2309.0000,0.339747
2310.0000,0.339749
2311.0000,0.339752
2312.0000,0.339754
2313.0000,0.339757
2314.0000,0.339760
2315.0000,0.339762
2316.0000,0.339765
2317.0000,0.339767
2318.0000,0.339770
2319.0000,0.339772
2320.0000,0.339775
2321.0000,0.339777
2322.0000,0.339780
2323.0000,0.339782
2324.0000,0.339785
2325.0000,0.339787
2326.0000,0.339790
2327.0000,0.339792
2328.0000,0.339794
2329.0000,0.339797
2330.0000,0.339799
2331.0000,0.339802
2332.0000,0.339804
2333.0000,0.339806
2334.0000,0.339809
2335.0000,0.339811
2336.0000,0.339813
2337.0000,0.339815
2338.0000,0.339818
2339.0000,0.339820
2340.0000,0.339822
2341.0000,0.339824
2342.0000,0.339827
2343.0000,0.339829
2344.0000,0.339831
2345.0000,0.339833
2346.0000,0.339835
2347.0000,0.339837
2348.0000,0.339839
2349.0000,0.339842
2350.0000,0.339844
2351.0000,0.339846
2352.0000,0.339848
2353.0000,0.339850
2354.0000,0.339852
2355.0000,0.339854
2356.0000,0.339856
2357.0000,0.339858
2358.0000,0.339860
2359.0000,0.339862
2360.0000,0.339864
2361.0000,0.339866
2362.0000,0.339868
2363.0000,0.339870
2364.0000,0.339871
2365.0000,0.339873
2366.0000,0.339875
2367.0000,0.339877
2368.0000,0.339879
2369.0000,0.339881
2370.0000,0.339883
2371.0000,0.339884
2372.0000,0.339886
2373.0000,0.339888
2374.0000,0.339890
2375.0000,0.339891
2376.0000,0.339893
2377.0000,0.339895
2378.0000,0.339897
2379.0000,0.339898
2380.0000,0.339900
2381.0000,0.339902
2382.0000,0.339903
2383.0000,0.339905
2384.0000,0.339907
2385.0000,0.339908
2386.0000,0.339910
2387.0000,0.339911
2388.0000,0.339913
2389.0000,0.339914
2390.0000,0.339916
2391.0000,0.339917
2392.0000,0.339919
2393.0000,0.339920
2394.0000,0.339922
2395.0000,0.339923
2396.0000,0.339925
2397.0000,0.339926
2398.0000,0.339928
2399.0000,0.339929
2400.0000,0.339931
2401.0000,0.339932
2402.0000,0.339933
2403.0000,0.339935
2404.0000,0.339936
2405.0000,0.339937
2406.0000,0.339939
2407.0000,0.339940
2408.0000,0.339941
2409.0000,0.339942
2410.0000,0.339944
2411.0000,0.339945
2412.0000,0.339946
2413.0000,0.339947
2414.0000,0.339949
2415.0000,0.339950
2416.0000,0.339951
2417.0000,0.339952
2418.0000,0.339953
2419.0000,0.339954
2420.0000,0.339956
2421.0000,0.339957
2422.0000,0.339958
2423.0000,0.339959
2424.0000,0.339960
2425.0000,0.339961
2426.0000,0.339962
2427.0000,0.339963
2428.0000,0.339964
2429.0000,0.339965
2430.0000,0.339966
2431.0000,0.339967
2432.0000,0.339968
2433.0000,0.339969
2434.0000,0.339970
2435.0000,0.339971
2436.0000,0.339972
2437.0000,0.339972
2438.0000,0.339973
2439.0000,0.339974
2440.0000,0.339975
2441.0000,0.339976
2442.0000,0.339977
2443.0000,0.339977
2444.0000,0.339978
2445.0000,0.339979
2446.0000,0.339980
2447.0000,0.339980
2448.0000,0.339981
2449.0000,0.339982
2450.0000,0.339983
2451.0000,0.339983
2452.0000,0.339984
2453.0000,0.339985
2454.0000,0.339985
2455.0000,0.339986
2456.0000,0.339987
2457.0000,0.339987
2458.0000,0.339988
2459.0000,0.339988
2460.0000,0.339989
2461.0000,0.339989
2462.0000,0.339990
2463.0000,0.339990
2464.0000,0.339991
2465.0000,0.339991
2466.0000,0.339992
2467.0000,0.339992
2468.0000,0.339993
2469.0000,0.339993
2470.0000,0.339994
2471.0000,0.339994
2472.0000,0.339995
2473.0000,0.339995
2474.0000,0.339995
2475.0000,0.339996
2476.0000,0.339996
2477.0000,0.339996
2478.0000,0.339997
2479.0000,0.339997
2480.0000,0.339997
2481.0000,0.339997
2482.0000,0.339998
2483.0000,0.339998
2484.0000,0.339998
2485.0000,0.339998
2486.0000,0.339999
2487.0000,0.339999
2488.0000,0.339999
2489.0000,0.339999
2490.0000,0.339999
2491.0000,0.339999
2492.0000,0.340000
2493.0000,0.340000
2494.0000,0.340000
2495.0000,0.340000
2496.0000,0.340000
2497.0000,0.340000
2498.0000,0.340000
2499.0000,0.340000
2500.0000,0.340000
