# swirl-format: 1
# swirl-version: 0.1.0.dev0
# quantity: reflectance
# [hematite_noisy] meta: {"synthetic": true, "end_member": "hematite", "label": "Hematite (Fe3+ charge-transfer edge, crystal-field band ~870 nm)", "seed": [20260925, 1]}
# [hematite_noisy] history: [{"name": "synthesize", "params": {"end_member": {"key": "hematite", "label": "Hematite (Fe3+ charge-transfer edge, crystal-field band ~870 nm)", "continuum": [[350.0, 0.03], [500.0, 0.04], [560.0, 0.06], [620.0, 0.15], [700.0, 0.25], [760.0, 0.29], [1300.0, 0.33], [2500.0, 0.34]], "features": [{"center": 870.0, "fwhm": 180.0, "depth": 0.3, "assignment": "Fe3+ crystal field"}]}}, "swirl_version": "0.1.0.dev0"}, {"name": "add_noise", "params": {"base": 0.0015, "low_boost": 4.0, "low_scale": 30.0, "high_boost": 3.0, "high_scale": 60.0}, "swirl_version": "0.1.0.dev0"}, {"name": "apply_splice_offsets", "params": {"vnir": 0.005546212098531945, "swir2": -0.00765964885893132}, "swirl_version": "0.1.0.dev0"}]
wavelength_nm,hematite_noisy
350.0000,0.039094
351.0000,0.037172
352.0000,0.022174
353.0000,0.034117
354.0000,0.037350
355.0000,0.026391
356.0000,0.043423
357.0000,0.022721
358.0000,0.031072
359.0000,0.028641
360.0000,0.033134
361.0000,0.021593
362.0000,0.025808
363.0000,0.028464
364.0000,0.031497
365.0000,0.028415
366.0000,0.030784
367.0000,0.031191
368.0000,0.032182
369.0000,0.032931
370.0000,0.029338
371.0000,0.035900
372.0000,0.027902
373.0000,0.034209
374.0000,0.024366
375.0000,0.027076
376.0000,0.026970
377.0000,0.030847
378.0000,0.028549
379.0000,0.033113
380.0000,0.031329
381.0000,0.030533
382.0000,0.032960
383.0000,0.033415
384.0000,0.029012
385.0000,0.025130
386.0000,0.034319
387.0000,0.022809
388.0000,0.031284
389.0000,0.029555
390.0000,0.031324
391.0000,0.027457
392.0000,0.029924
393.0000,0.033552
394.0000,0.033816
395.0000,0.035063
396.0000,0.029863
397.0000,0.033512
398.0000,0.035237
399.0000,0.024846
400.0000,0.031667
401.0000,0.030838
402.0000,0.030890
403.0000,0.030477
404.0000,0.032137
405.0000,0.031715
406.0000,0.033110
407.0000,0.033557
408.0000,0.031170
409.0000,0.033558
410.0000,0.029136
411.0000,0.030977
412.0000,0.032878
413.0000,0.031648
414.0000,0.035513
415.0000,0.031069
416.0000,0.034277
417.0000,0.036059
418.0000,0.037021
419.0000,0.034309
420.0000,0.031323
421.0000,0.031687
422.0000,0.029822
423.0000,0.033582
424.0000,0.036069
425.0000,0.034386
426.0000,0.032362
427.0000,0.032449
428.0000,0.035057
429.0000,0.029305
430.0000,0.032356
431.0000,0.032606
432.0000,0.032776
433.0000,0.034372
434.0000,0.032213
435.0000,0.035265
436.0000,0.033536
437.0000,0.033555
438.0000,0.032945
439.0000,0.035575
440.0000,0.033977
441.0000,0.035827
442.0000,0.032991
443.0000,0.034880
444.0000,0.034368
445.0000,0.033797
446.0000,0.037064
447.0000,0.034857
448.0000,0.035419
449.0000,0.036189
450.0000,0.036860
451.0000,0.035374
452.0000,0.033213
453.0000,0.036833
454.0000,0.037706
455.0000,0.033360
456.0000,0.033566
457.0000,0.036773
458.0000,0.035540
459.0000,0.037825
460.0000,0.035086
461.0000,0.036682
462.0000,0.033784
463.0000,0.034731
464.0000,0.035120
465.0000,0.034929
466.0000,0.036974
467.0000,0.037238
468.0000,0.037127
469.0000,0.038769
470.0000,0.038180
471.0000,0.037200
472.0000,0.037246
473.0000,0.039290
474.0000,0.036986
475.0000,0.036476
476.0000,0.038634
477.0000,0.036654
478.0000,0.040025
479.0000,0.037182
480.0000,0.040836
481.0000,0.037889
482.0000,0.039974
483.0000,0.037895
484.0000,0.040710
485.0000,0.038310
486.0000,0.036446
487.0000,0.041260
488.0000,0.040794
489.0000,0.040509
490.0000,0.038435
491.0000,0.038655
492.0000,0.040709
493.0000,0.039397
494.0000,0.039323
495.0000,0.040571
496.0000,0.040426
497.0000,0.040375
498.0000,0.040634
499.0000,0.042586
500.0000,0.039291
501.0000,0.036912
502.0000,0.040393
503.0000,0.041242
504.0000,0.041059
505.0000,0.041590
506.0000,0.042824
507.0000,0.040553
508.0000,0.041961
509.0000,0.039963
510.0000,0.042783
511.0000,0.042631
512.0000,0.045215
513.0000,0.045894
514.0000,0.043527
515.0000,0.041820
516.0000,0.044073
517.0000,0.043017
518.0000,0.044505
519.0000,0.043872
520.0000,0.043693
521.0000,0.045053
522.0000,0.046412
523.0000,0.045967
524.0000,0.045823
525.0000,0.046436
526.0000,0.044482
527.0000,0.043851
528.0000,0.045639
529.0000,0.045700
530.0000,0.045268
531.0000,0.046135
532.0000,0.046824
533.0000,0.049845
534.0000,0.048513
535.0000,0.048195
536.0000,0.050547
537.0000,0.047490
538.0000,0.049559
539.0000,0.051234
540.0000,0.048881
541.0000,0.049339
542.0000,0.051075
543.0000,0.051286
544.0000,0.051535
545.0000,0.053203
546.0000,0.056306
547.0000,0.053285
548.0000,0.052289
549.0000,0.052310
550.0000,0.053439
551.0000,0.055214
552.0000,0.052592
553.0000,0.056791
554.0000,0.057462
555.0000,0.056595
556.0000,0.059208
557.0000,0.059051
558.0000,0.060478
559.0000,0.060810
560.0000,0.064158
561.0000,0.060206
562.0000,0.060511
563.0000,0.063611
564.0000,0.062781
565.0000,0.065605
566.0000,0.065136
567.0000,0.067471
568.0000,0.067200
569.0000,0.068743
570.0000,0.067965
571.0000,0.069281
572.0000,0.072935
573.0000,0.072038
574.0000,0.073788
575.0000,0.074469
576.0000,0.076312
577.0000,0.075384
578.0000,0.078728
579.0000,0.083868
580.0000,0.082525
581.0000,0.081514
582.0000,0.084016
583.0000,0.088442
584.0000,0.088680
585.0000,0.092583
586.0000,0.093326
587.0000,0.094847
588.0000,0.097886
589.0000,0.100961
590.0000,0.099600
591.0000,0.100606
592.0000,0.102311
593.0000,0.101721
594.0000,0.108410
595.0000,0.108191
596.0000,0.109048
597.0000,0.113753
598.0000,0.114514
599.0000,0.114672
600.0000,0.117060
601.0000,0.120520
602.0000,0.120593
603.0000,0.122833
604.0000,0.126067
605.0000,0.125283
606.0000,0.128899
607.0000,0.130008
608.0000,0.132631
609.0000,0.130359
610.0000,0.138335
611.0000,0.135959
612.0000,0.138415
613.0000,0.141278
614.0000,0.142912
615.0000,0.146959
616.0000,0.144397
617.0000,0.147761
618.0000,0.145418
619.0000,0.150473
620.0000,0.148800
621.0000,0.150785
622.0000,0.158007
623.0000,0.155083
624.0000,0.155034
625.0000,0.156109
626.0000,0.156822
627.0000,0.161561
628.0000,0.160193
629.0000,0.162050
630.0000,0.162549
631.0000,0.162547
632.0000,0.165879
633.0000,0.172790
634.0000,0.170641
635.0000,0.171713
636.0000,0.171561
637.0000,0.172524
638.0000,0.172950
639.0000,0.178572
640.0000,0.176897
641.0000,0.177601
642.0000,0.179847
643.0000,0.181676
644.0000,0.184782
645.0000,0.185772
646.0000,0.185344
647.0000,0.187483
648.0000,0.191901
649.0000,0.191584
650.0000,0.191469
651.0000,0.192841
652.0000,0.194862
653.0000,0.196031
654.0000,0.196434
655.0000,0.199819
656.0000,0.199748
657.0000,0.202590
658.0000,0.202523
659.0000,0.206208
660.0000,0.200781
661.0000,0.206817
662.0000,0.207682
663.0000,0.207004
664.0000,0.209728
665.0000,0.212092
666.0000,0.211391
667.0000,0.213227
668.0000,0.213943
669.0000,0.214222
670.0000,0.213896
671.0000,0.216990
672.0000,0.216944
673.0000,0.220257
674.0000,0.219189
675.0000,0.224973
676.0000,0.223602
677.0000,0.225579
678.0000,0.223884
679.0000,0.224899
680.0000,0.226810
681.0000,0.230454
682.0000,0.232387
683.0000,0.231048
684.0000,0.233163
685.0000,0.232763
686.0000,0.233882
687.0000,0.234298
688.0000,0.235764
689.0000,0.232974
690.0000,0.237649
691.0000,0.239818
692.0000,0.238362
693.0000,0.240897
694.0000,0.237966
695.0000,0.242157
696.0000,0.243106
697.0000,0.241502
698.0000,0.243241
699.0000,0.243836
700.0000,0.245016
701.0000,0.245319
702.0000,0.245755
703.0000,0.249490
704.0000,0.245791
705.0000,0.248006
706.0000,0.248594
707.0000,0.249546
708.0000,0.249489
709.0000,0.248849
710.0000,0.250679
711.0000,0.250481
712.0000,0.251434
713.0000,0.255194
714.0000,0.257366
715.0000,0.251364
716.0000,0.256757
717.0000,0.255114
718.0000,0.253658
719.0000,0.256947
720.0000,0.254989
721.0000,0.257259
722.0000,0.257305
723.0000,0.259168
724.0000,0.258659
725.0000,0.261178
726.0000,0.261880
727.0000,0.260605
728.0000,0.258827
729.0000,0.259115
730.0000,0.261215
731.0000,0.258828
732.0000,0.262097
733.0000,0.262071
734.0000,0.259607
735.0000,0.261151
736.0000,0.264550
737.0000,0.263313
738.0000,0.262407
739.0000,0.262293
740.0000,0.263651
741.0000,0.264225
742.0000,0.262656
743.0000,0.262467
744.0000,0.263088
745.0000,0.263914
746.0000,0.265320
747.0000,0.258735
748.0000,0.264030
749.0000,0.265692
750.0000,0.262946
751.0000,0.262899
752.0000,0.261539
753.0000,0.264192
754.0000,0.262509
755.0000,0.262693
756.0000,0.263724
757.0000,0.261153
758.0000,0.260245
759.0000,0.263209
760.0000,0.257710
761.0000,0.259488
762.0000,0.254968
763.0000,0.260662
764.0000,0.260418
765.0000,0.258796
766.0000,0.258786
767.0000,0.258828
768.0000,0.258330
769.0000,0.256785
770.0000,0.253764
771.0000,0.256398
772.0000,0.257180
773.0000,0.253649
774.0000,0.253866
775.0000,0.254047
776.0000,0.250161
777.0000,0.251717
778.0000,0.252610
779.0000,0.249809
780.0000,0.250441
781.0000,0.249618
782.0000,0.251424
783.0000,0.248360
784.0000,0.250317
785.0000,0.248993
786.0000,0.248284
787.0000,0.248262
788.0000,0.245545
789.0000,0.246580
790.0000,0.245887
791.0000,0.247312
792.0000,0.247439
793.0000,0.242013
794.0000,0.242994
795.0000,0.242860
796.0000,0.242238
797.0000,0.239063
798.0000,0.239952
799.0000,0.239155
800.0000,0.240781
801.0000,0.239567
802.0000,0.237607
803.0000,0.237694
804.0000,0.239496
805.0000,0.236165
806.0000,0.236286
807.0000,0.235172
808.0000,0.236064
809.0000,0.232187
810.0000,0.231797
811.0000,0.233935
812.0000,0.233409
813.0000,0.232226
814.0000,0.230759
815.0000,0.229274
816.0000,0.231762
817.0000,0.227843
818.0000,0.230148
819.0000,0.229543
820.0000,0.226326
821.0000,0.226866
822.0000,0.226177
823.0000,0.224872
824.0000,0.227195
825.0000,0.226282
826.0000,0.222924
827.0000,0.224902
828.0000,0.223539
829.0000,0.222929
830.0000,0.222614
831.0000,0.223261
832.0000,0.219849
833.0000,0.221408
834.0000,0.223865
835.0000,0.218522
836.0000,0.219941
837.0000,0.220584
838.0000,0.218751
839.0000,0.217022
840.0000,0.219094
841.0000,0.219596
842.0000,0.218285
843.0000,0.218035
844.0000,0.218000
845.0000,0.216680
846.0000,0.217526
847.0000,0.216868
848.0000,0.216164
849.0000,0.216434
850.0000,0.215190
851.0000,0.214689
852.0000,0.215767
853.0000,0.215407
854.0000,0.214757
855.0000,0.217131
856.0000,0.216066
857.0000,0.213527
858.0000,0.210981
859.0000,0.213576
860.0000,0.214782
861.0000,0.215943
862.0000,0.216743
863.0000,0.215026
864.0000,0.212971
865.0000,0.214546
866.0000,0.212833
867.0000,0.215993
868.0000,0.213593
869.0000,0.215861
870.0000,0.213467
871.0000,0.212097
872.0000,0.217088
873.0000,0.217187
874.0000,0.214490
875.0000,0.214646
876.0000,0.216781
877.0000,0.216576
878.0000,0.214778
879.0000,0.215973
880.0000,0.219285
881.0000,0.217128
882.0000,0.218246
883.0000,0.220531
884.0000,0.219186
885.0000,0.219820
886.0000,0.219238
887.0000,0.218971
888.0000,0.217398
889.0000,0.220647
890.0000,0.220000
891.0000,0.216998
892.0000,0.222170
893.0000,0.219926
894.0000,0.222728
895.0000,0.220264
896.0000,0.223906
897.0000,0.224696
898.0000,0.224533
899.0000,0.222055
900.0000,0.224645
901.0000,0.224108
902.0000,0.223203
903.0000,0.224856
904.0000,0.226897
905.0000,0.225191
906.0000,0.228084
907.0000,0.230154
908.0000,0.229737
909.0000,0.230654
910.0000,0.230589
911.0000,0.230145
912.0000,0.231525
913.0000,0.231796
914.0000,0.232694
915.0000,0.233602
916.0000,0.234314
917.0000,0.237378
918.0000,0.235604
919.0000,0.235910
920.0000,0.237397
921.0000,0.238446
922.0000,0.237965
923.0000,0.239729
924.0000,0.239061
925.0000,0.239966
926.0000,0.240231
927.0000,0.243366
928.0000,0.242442
929.0000,0.245408
930.0000,0.243940
931.0000,0.245244
932.0000,0.244147
933.0000,0.248392
934.0000,0.250231
935.0000,0.247110
936.0000,0.246883
937.0000,0.249924
938.0000,0.252376
939.0000,0.251910
940.0000,0.249779
941.0000,0.252528
942.0000,0.255588
943.0000,0.253894
944.0000,0.254789
945.0000,0.258070
946.0000,0.257758
947.0000,0.259792
948.0000,0.260619
949.0000,0.257814
950.0000,0.261799
951.0000,0.263050
952.0000,0.262061
953.0000,0.260912
954.0000,0.265142
955.0000,0.264657
956.0000,0.268198
957.0000,0.264031
958.0000,0.265453
959.0000,0.270222
960.0000,0.267330
961.0000,0.271765
962.0000,0.274006
963.0000,0.271543
964.0000,0.272235
965.0000,0.271972
966.0000,0.274231
967.0000,0.274190
968.0000,0.273765
969.0000,0.275512
970.0000,0.276463
971.0000,0.278320
972.0000,0.278884
973.0000,0.278263
974.0000,0.281342
975.0000,0.278912
976.0000,0.280011
977.0000,0.285175
978.0000,0.284663
979.0000,0.284447
980.0000,0.286459
981.0000,0.286252
982.0000,0.286128
983.0000,0.287367
984.0000,0.288220
985.0000,0.285209
986.0000,0.290237
987.0000,0.287593
988.0000,0.290214
989.0000,0.289596
990.0000,0.291169
991.0000,0.287173
992.0000,0.292835
993.0000,0.295611
994.0000,0.294364
995.0000,0.293997
996.0000,0.295402
997.0000,0.298519
998.0000,0.296218
999.0000,0.292825
1000.0000,0.297901
1001.0000,0.298672
1002.0000,0.295845
1003.0000,0.298431
1004.0000,0.297130
1005.0000,0.300904
1006.0000,0.298632
1007.0000,0.303115
1008.0000,0.299041
1009.0000,0.302855
1010.0000,0.302592
1011.0000,0.300572
1012.0000,0.301121
1013.0000,0.301083
1014.0000,0.304838
1015.0000,0.304075
1016.0000,0.301843
1017.0000,0.307493
1018.0000,0.307445
1019.0000,0.304948
1020.0000,0.309527
1021.0000,0.307247
1022.0000,0.306278
1023.0000,0.307032
1024.0000,0.308123
1025.0000,0.307450
1026.0000,0.309106
1027.0000,0.308940
1028.0000,0.309704
1029.0000,0.308742
1030.0000,0.309962
1031.0000,0.313022
1032.0000,0.311421
1033.0000,0.310748
1034.0000,0.311470
1035.0000,0.311959
1036.0000,0.313287
1037.0000,0.310069
1038.0000,0.311317
1039.0000,0.316128
1040.0000,0.310839
1041.0000,0.311958
1042.0000,0.313567
1043.0000,0.315298
1044.0000,0.311670
1045.0000,0.316174
1046.0000,0.314742
1047.0000,0.312718
1048.0000,0.314794
1049.0000,0.315177
1050.0000,0.316048
1051.0000,0.314371
1052.0000,0.319156
1053.0000,0.317400
1054.0000,0.315146
1055.0000,0.320382
1056.0000,0.317162
1057.0000,0.318945
1058.0000,0.317970
1059.0000,0.316290
1060.0000,0.319342
1061.0000,0.320359
1062.0000,0.317536
1063.0000,0.315388
1064.0000,0.316853
1065.0000,0.319840
1066.0000,0.320029
1067.0000,0.316680
1068.0000,0.321275
1069.0000,0.321188
1070.0000,0.321360
1071.0000,0.318686
1072.0000,0.318695
1073.0000,0.320405
1074.0000,0.320540
1075.0000,0.319746
1076.0000,0.319359
1077.0000,0.320050
1078.0000,0.321767
1079.0000,0.321018
1080.0000,0.321161
1081.0000,0.321888
1082.0000,0.320614
1083.0000,0.321143
1084.0000,0.319427
1085.0000,0.324163
1086.0000,0.322982
1087.0000,0.323427
1088.0000,0.320381
1089.0000,0.323826
1090.0000,0.322300
1091.0000,0.323197
1092.0000,0.321725
1093.0000,0.322670
1094.0000,0.321548
1095.0000,0.321952
1096.0000,0.321845
1097.0000,0.322122
1098.0000,0.323191
1099.0000,0.323313
1100.0000,0.323897
1101.0000,0.322556
1102.0000,0.324696
1103.0000,0.324556
1104.0000,0.322996
1105.0000,0.324540
1106.0000,0.324236
1107.0000,0.321145
1108.0000,0.325422
1109.0000,0.321078
1110.0000,0.322369
1111.0000,0.323976
1112.0000,0.325231
1113.0000,0.323541
1114.0000,0.323512
1115.0000,0.324764
1116.0000,0.323696
1117.0000,0.324553
1118.0000,0.323036
1119.0000,0.322614
1120.0000,0.324889
1121.0000,0.326227
1122.0000,0.321908
1123.0000,0.325938
1124.0000,0.325410
1125.0000,0.326236
1126.0000,0.324444
1127.0000,0.325264
1128.0000,0.326373
1129.0000,0.322439
1130.0000,0.325744
1131.0000,0.325671
1132.0000,0.325938
1133.0000,0.324304
1134.0000,0.325688
1135.0000,0.325317
1136.0000,0.326450
1137.0000,0.323822
1138.0000,0.327706
1139.0000,0.322685
1140.0000,0.328168
1141.0000,0.325693
1142.0000,0.322123
1143.0000,0.323194
1144.0000,0.327446
1145.0000,0.325671
1146.0000,0.327800
1147.0000,0.326834
1148.0000,0.329753
1149.0000,0.324211
1150.0000,0.324999
1151.0000,0.326426
1152.0000,0.325834
1153.0000,0.326076
1154.0000,0.328073
1155.0000,0.325254
1156.0000,0.326244
1157.0000,0.326840
1158.0000,0.327002
1159.0000,0.326844
1160.0000,0.327697
1161.0000,0.326353
1162.0000,0.328206
1163.0000,0.328862
1164.0000,0.328204
1165.0000,0.324930
1166.0000,0.325280
1167.0000,0.325860
1168.0000,0.325550
1169.0000,0.327987
1170.0000,0.328456
1171.0000,0.328058
1172.0000,0.329128
1173.0000,0.325861
1174.0000,0.324283
1175.0000,0.324167
1176.0000,0.325648
1177.0000,0.324848
1178.0000,0.326571
1179.0000,0.328934
1180.0000,0.327793
1181.0000,0.328371
1182.0000,0.328061
1183.0000,0.326904
1184.0000,0.327930
1185.0000,0.328573
1186.0000,0.330348
1187.0000,0.327985
1188.0000,0.328969
1189.0000,0.329353
1190.0000,0.327413
1191.0000,0.327828
1192.0000,0.324548
1193.0000,0.325862
1194.0000,0.328867
1195.0000,0.328309
1196.0000,0.328458
1197.0000,0.329361
1198.0000,0.326570
1199.0000,0.327663
1200.0000,0.327384
1201.0000,0.327951
1202.0000,0.328103
1203.0000,0.328359
1204.0000,0.325409
1205.0000,0.327685
1206.0000,0.329225
1207.0000,0.330011
1208.0000,0.327929
1209.0000,0.328409
1210.0000,0.328408
1211.0000,0.327746
1212.0000,0.329171
1213.0000,0.326694
1214.0000,0.329074
1215.0000,0.328915
1216.0000,0.329094
1217.0000,0.327809
1218.0000,0.331563
1219.0000,0.332357
1220.0000,0.329224
1221.0000,0.329178
1222.0000,0.330035
1223.0000,0.329313
1224.0000,0.330851
1225.0000,0.328048
1226.0000,0.328022
1227.0000,0.329923
1228.0000,0.329121
1229.0000,0.329545
1230.0000,0.329999
1231.0000,0.329659
1232.0000,0.330047
1233.0000,0.328932
1234.0000,0.327085
1235.0000,0.328735
1236.0000,0.330152
1237.0000,0.330491
1238.0000,0.328218
1239.0000,0.332318
1240.0000,0.329028
1241.0000,0.327510
1242.0000,0.331523
1243.0000,0.330127
1244.0000,0.328077
1245.0000,0.330119
1246.0000,0.328612
1247.0000,0.329637
1248.0000,0.327532
1249.0000,0.330212
1250.0000,0.330374
1251.0000,0.330665
1252.0000,0.330861
1253.0000,0.327379
1254.0000,0.326770
1255.0000,0.330672
1256.0000,0.328930
1257.0000,0.329287
1258.0000,0.330383
1259.0000,0.330690
1260.0000,0.331092
1261.0000,0.328068
1262.0000,0.331866
1263.0000,0.329144
1264.0000,0.330581
1265.0000,0.330586
1266.0000,0.325923
1267.0000,0.334392
1268.0000,0.329013
1269.0000,0.329938
1270.0000,0.329362
1271.0000,0.328770
1272.0000,0.329204
1273.0000,0.328745
1274.0000,0.330187
1275.0000,0.329993
1276.0000,0.328481
1277.0000,0.328675
1278.0000,0.331245
1279.0000,0.330075
1280.0000,0.332487
1281.0000,0.330043
1282.0000,0.329838
1283.0000,0.330708
1284.0000,0.329331
1285.0000,0.330903
1286.0000,0.328621
1287.0000,0.327447
1288.0000,0.329388
1289.0000,0.330848
1290.0000,0.332481
1291.0000,0.329332
1292.0000,0.329122
1293.0000,0.331022
1294.0000,0.329402
1295.0000,0.328369
1296.0000,0.330141
1297.0000,0.329367
1298.0000,0.327721
1299.0000,0.329083
1300.0000,0.329209
1301.0000,0.331340
1302.0000,0.330070
1303.0000,0.330278
1304.0000,0.328743
1305.0000,0.329567
1306.0000,0.328839
1307.0000,0.328557
1308.0000,0.334456
1309.0000,0.328405
1310.0000,0.329910
1311.0000,0.329607
1312.0000,0.332681
1313.0000,0.330872
1314.0000,0.329545
1315.0000,0.328615
1316.0000,0.330256
1317.0000,0.330059
1318.0000,0.331894
1319.0000,0.331363
1320.0000,0.329743
1321.0000,0.333247
1322.0000,0.329056
1323.0000,0.329296
1324.0000,0.331844
1325.0000,0.329289
1326.0000,0.328735
1327.0000,0.330731
1328.0000,0.328143
1329.0000,0.331769
1330.0000,0.331448
1331.0000,0.331896
1332.0000,0.328578
1333.0000,0.329876
1334.0000,0.330317
1335.0000,0.332861
1336.0000,0.333380
1337.0000,0.329141
1338.0000,0.332101
1339.0000,0.331375
1340.0000,0.332604
1341.0000,0.329610
1342.0000,0.330340
1343.0000,0.330647
1344.0000,0.330482
1345.0000,0.329351
1346.0000,0.331700
1347.0000,0.329188
1348.0000,0.331685
1349.0000,0.331665
1350.0000,0.329734
1351.0000,0.330381
1352.0000,0.331654
1353.0000,0.328256
1354.0000,0.330052
1355.0000,0.329978
1356.0000,0.329746
1357.0000,0.329934
1358.0000,0.330622
1359.0000,0.331364
1360.0000,0.332724
1361.0000,0.333840
1362.0000,0.332960
1363.0000,0.333946
1364.0000,0.332078
1365.0000,0.330078
1366.0000,0.329143
1367.0000,0.332776
1368.0000,0.331852
1369.0000,0.329201
1370.0000,0.330149
1371.0000,0.331568
1372.0000,0.331362
1373.0000,0.331745
1374.0000,0.329497
1375.0000,0.333818
1376.0000,0.333155
1377.0000,0.331645
1378.0000,0.332934
1379.0000,0.332318
1380.0000,0.333234
1381.0000,0.332831
1382.0000,0.330820
1383.0000,0.332850
1384.0000,0.329355
1385.0000,0.330306
1386.0000,0.330876
1387.0000,0.330672
1388.0000,0.331028
1389.0000,0.330773
1390.0000,0.332341
1391.0000,0.333787
1392.0000,0.332338
1393.0000,0.331004
1394.0000,0.331591
1395.0000,0.331480
1396.0000,0.330206
1397.0000,0.331590
1398.0000,0.330538
1399.0000,0.329614
1400.0000,0.331037
1401.0000,0.331957
1402.0000,0.328519
1403.0000,0.332193
1404.0000,0.334837
1405.0000,0.330892
1406.0000,0.332510
1407.0000,0.330856
1408.0000,0.333861
1409.0000,0.333058
1410.0000,0.331587
1411.0000,0.333883
1412.0000,0.331378
1413.0000,0.331618
1414.0000,0.328754
1415.0000,0.333623
1416.0000,0.331600
1417.0000,0.331968
1418.0000,0.332671
1419.0000,0.333034
1420.0000,0.332661
1421.0000,0.332413
1422.0000,0.331469
1423.0000,0.335702
1424.0000,0.330474
1425.0000,0.332046
1426.0000,0.334559
1427.0000,0.332500
1428.0000,0.332342
1429.0000,0.330227
1430.0000,0.329957
1431.0000,0.332490
1432.0000,0.331256
1433.0000,0.331194
1434.0000,0.331971
1435.0000,0.332687
1436.0000,0.330640
1437.0000,0.333303
1438.0000,0.331899
1439.0000,0.332506
1440.0000,0.330976
1441.0000,0.330240
1442.0000,0.333043
1443.0000,0.331016
1444.0000,0.332086
1445.0000,0.331974
1446.0000,0.333238
1447.0000,0.332320
1448.0000,0.331853
1449.0000,0.330816
1450.0000,0.332012
1451.0000,0.333293
1452.0000,0.333499
1453.0000,0.334475
1454.0000,0.331016
1455.0000,0.332938
1456.0000,0.332942
1457.0000,0.334222
1458.0000,0.333175
1459.0000,0.334093
1460.0000,0.330796
1461.0000,0.332324
1462.0000,0.334567
1463.0000,0.334931
1464.0000,0.331370
1465.0000,0.334613
1466.0000,0.332092
1467.0000,0.333086
1468.0000,0.331778
1469.0000,0.330291
1470.0000,0.333312
1471.0000,0.331856
1472.0000,0.333056
1473.0000,0.333564
1474.0000,0.332323
1475.0000,0.332386
1476.0000,0.330043
1477.0000,0.332935
1478.0000,0.332573
1479.0000,0.332732
1480.0000,0.335224
1481.0000,0.333141
1482.0000,0.332630
1483.0000,0.333991
1484.0000,0.331498
1485.0000,0.330526
1486.0000,0.332579
1487.0000,0.333747
1488.0000,0.332976
1489.0000,0.333535
1490.0000,0.332775
1491.0000,0.332375
1492.0000,0.334330
1493.0000,0.336455
1494.0000,0.332505
1495.0000,0.332038
1496.0000,0.332842
1497.0000,0.332267
1498.0000,0.331313
1499.0000,0.331593
1500.0000,0.331656
1501.0000,0.332542
1502.0000,0.332783
1503.0000,0.334274
1504.0000,0.333308
1505.0000,0.332590
1506.0000,0.335981
1507.0000,0.333597
1508.0000,0.330807
1509.0000,0.333957
1510.0000,0.332733
1511.0000,0.333705
1512.0000,0.332689
1513.0000,0.332435
1514.0000,0.334162
1515.0000,0.332177
1516.0000,0.333832
1517.0000,0.333318
1518.0000,0.335034
1519.0000,0.334134
1520.0000,0.331952
1521.0000,0.332679
1522.0000,0.331885
1523.0000,0.329549
1524.0000,0.331821
1525.0000,0.333754
1526.0000,0.332711
1527.0000,0.334412
1528.0000,0.332745
1529.0000,0.333282
1530.0000,0.331211
1531.0000,0.334308
1532.0000,0.334253
1533.0000,0.334280
1534.0000,0.334620
1535.0000,0.332117
1536.0000,0.334180
1537.0000,0.332915
1538.0000,0.335819
1539.0000,0.335807
1540.0000,0.333260
1541.0000,0.334564
1542.0000,0.334152
1543.0000,0.333163
1544.0000,0.334338
1545.0000,0.336227
1546.0000,0.332785
1547.0000,0.334192
1548.0000,0.335604
1549.0000,0.333945
1550.0000,0.337027
1551.0000,0.335487
1552.0000,0.333536
1553.0000,0.335141
1554.0000,0.331772
1555.0000,0.333743
1556.0000,0.332854
1557.0000,0.333210
1558.0000,0.333908
1559.0000,0.336085
1560.0000,0.336816
1561.0000,0.332365
1562.0000,0.336496
1563.0000,0.334660
1564.0000,0.335761
1565.0000,0.333828
1566.0000,0.334556
1567.0000,0.334346
1568.0000,0.333292
1569.0000,0.336299
1570.0000,0.333431
1571.0000,0.335033
1572.0000,0.331153
1573.0000,0.333301
1574.0000,0.335115
1575.0000,0.331580
1576.0000,0.334240
1577.0000,0.332297
1578.0000,0.333850
1579.0000,0.333559
1580.0000,0.332646
1581.0000,0.331997
1582.0000,0.335180
1583.0000,0.335072
1584.0000,0.333754
1585.0000,0.333518
1586.0000,0.331680
1587.0000,0.336653
1588.0000,0.335706
1589.0000,0.333608
1590.0000,0.333872
1591.0000,0.337328
1592.0000,0.334964
1593.0000,0.335986
1594.0000,0.336429
1595.0000,0.332650
1596.0000,0.333534
1597.0000,0.333809
1598.0000,0.334598
1599.0000,0.335667
1600.0000,0.333625
1601.0000,0.332265
1602.0000,0.336289
1603.0000,0.335377
1604.0000,0.332721
1605.0000,0.333981
1606.0000,0.333141
1607.0000,0.332611
1608.0000,0.332399
1609.0000,0.337542
1610.0000,0.336927
1611.0000,0.334588
1612.0000,0.335193
1613.0000,0.331836
1614.0000,0.334935
1615.0000,0.335125
1616.0000,0.334825
1617.0000,0.336214
1618.0000,0.337087
1619.0000,0.333033
1620.0000,0.335816
1621.0000,0.331874
1622.0000,0.331728
1623.0000,0.336934
1624.0000,0.333679
1625.0000,0.333513
1626.0000,0.336298
1627.0000,0.331448
1628.0000,0.335455
1629.0000,0.335943
1630.0000,0.333707
1631.0000,0.332899
1632.0000,0.333994
1633.0000,0.333590
1634.0000,0.335722
1635.0000,0.333141
1636.0000,0.331739
1637.0000,0.334633
1638.0000,0.336141
1639.0000,0.334895
1640.0000,0.335055
1641.0000,0.335871
1642.0000,0.335615
1643.0000,0.331323
1644.0000,0.332137
1645.0000,0.334532
1646.0000,0.333334
1647.0000,0.332973
1648.0000,0.332381
1649.0000,0.331316
1650.0000,0.333261
1651.0000,0.334175
1652.0000,0.335879
1653.0000,0.334551
1654.0000,0.336199
1655.0000,0.334286
1656.0000,0.333047
1657.0000,0.336308
1658.0000,0.332402
1659.0000,0.334196
1660.0000,0.336806
1661.0000,0.333634
1662.0000,0.336463
1663.0000,0.335307
1664.0000,0.338464
1665.0000,0.334826
1666.0000,0.333681
1667.0000,0.334537
1668.0000,0.336702
1669.0000,0.333514
1670.0000,0.337702
1671.0000,0.335876
1672.0000,0.334576
1673.0000,0.334829
1674.0000,0.334943
1675.0000,0.332712
1676.0000,0.337328
1677.0000,0.335240
1678.0000,0.335045
1679.0000,0.337040
1680.0000,0.336750
1681.0000,0.332653
1682.0000,0.334026
1683.0000,0.334625
1684.0000,0.335025
1685.0000,0.335764
1686.0000,0.334350
1687.0000,0.337178
1688.0000,0.335964
1689.0000,0.336234
1690.0000,0.332513
1691.0000,0.336865
1692.0000,0.336874
1693.0000,0.335392
1694.0000,0.333989
1695.0000,0.335950
1696.0000,0.335680
1697.0000,0.335068
1698.0000,0.333822
1699.0000,0.333077
1700.0000,0.335961
1701.0000,0.334315
1702.0000,0.336370
1703.0000,0.335544
1704.0000,0.334992
1705.0000,0.335032
1706.0000,0.334839
1707.0000,0.336640
1708.0000,0.334659
1709.0000,0.335593
1710.0000,0.334024
1711.0000,0.337928
1712.0000,0.334908
1713.0000,0.335932
1714.0000,0.335171
1715.0000,0.337611
1716.0000,0.335171
1717.0000,0.337326
1718.0000,0.338122
1719.0000,0.336267
1720.0000,0.334395
1721.0000,0.335100
1722.0000,0.335070
1723.0000,0.335650
1724.0000,0.336336
1725.0000,0.336633
1726.0000,0.335708
1727.0000,0.337451
1728.0000,0.333952
1729.0000,0.336640
1730.0000,0.336740
1731.0000,0.336855
1732.0000,0.337365
1733.0000,0.334617
1734.0000,0.334405
1735.0000,0.335714
1736.0000,0.333712
1737.0000,0.334175
1738.0000,0.337048
1739.0000,0.335093
1740.0000,0.334153
1741.0000,0.336699
1742.0000,0.335567
1743.0000,0.335464
1744.0000,0.334916
1745.0000,0.335905
1746.0000,0.334658
1747.0000,0.336869
1748.0000,0.338197
1749.0000,0.334562
1750.0000,0.337753
1751.0000,0.337754
1752.0000,0.332915
1753.0000,0.335366
1754.0000,0.336785
1755.0000,0.336222
1756.0000,0.337301
1757.0000,0.335749
1758.0000,0.338848
1759.0000,0.335864
1760.0000,0.335536
1761.0000,0.335089
1762.0000,0.334653
1763.0000,0.334581
1764.0000,0.336155
1765.0000,0.336413
1766.0000,0.337085
1767.0000,0.334502
1768.0000,0.336234
1769.0000,0.334955
1770.0000,0.339672
1771.0000,0.337022
1772.0000,0.334232
1773.0000,0.336684
1774.0000,0.336236
1775.0000,0.336564
1776.0000,0.333931
1777.0000,0.336316
1778.0000,0.336303
1779.0000,0.338219
1780.0000,0.335705
1781.0000,0.336846
1782.0000,0.338329
1783.0000,0.337172
1784.0000,0.335858
1785.0000,0.336472
1786.0000,0.338886
1787.0000,0.336540
1788.0000,0.335490
1789.0000,0.336425
1790.0000,0.337132
1791.0000,0.336508
1792.0000,0.335576
1793.0000,0.339916
1794.0000,0.337627
1795.0000,0.335300
1796.0000,0.336798
1797.0000,0.333602
1798.0000,0.335636
1799.0000,0.336789
1800.0000,0.336035
1801.0000,0.333198
1802.0000,0.335273
1803.0000,0.333210
1804.0000,0.334403
1805.0000,0.334367
1806.0000,0.334916
1807.0000,0.334120
1808.0000,0.334124
1809.0000,0.332879
1810.0000,0.334820
1811.0000,0.333730
1812.0000,0.332305
1813.0000,0.334545
1814.0000,0.334682
1815.0000,0.335883
1816.0000,0.333977
1817.0000,0.332543
1818.0000,0.333510
1819.0000,0.333447
1820.0000,0.334773
1821.0000,0.334239
1822.0000,0.333469
1823.0000,0.331657
1824.0000,0.333817
1825.0000,0.332800
1826.0000,0.333534
1827.0000,0.336499
1828.0000,0.331102
1829.0000,0.335361
1830.0000,0.334368
1831.0000,0.336492
1832.0000,0.332545
1833.0000,0.332555
1834.0000,0.331408
1835.0000,0.336144
1836.0000,0.333971
1837.0000,0.338312
1838.0000,0.332901
1839.0000,0.336330
1840.0000,0.332414
1841.0000,0.336112
1842.0000,0.336544
1843.0000,0.332590
1844.0000,0.333974
1845.0000,0.333970
1846.0000,0.334062
1847.0000,0.335189
1848.0000,0.334383
1849.0000,0.333152
1850.0000,0.333789
1851.0000,0.331294
1852.0000,0.334684
1853.0000,0.332561
1854.0000,0.336602
1855.0000,0.335020
1856.0000,0.333814
1857.0000,0.332577
1858.0000,0.333543
1859.0000,0.334676
1860.0000,0.332039
1861.0000,0.333799
1862.0000,0.332574
1863.0000,0.335224
1864.0000,0.332748
1865.0000,0.337925
1866.0000,0.333579
1867.0000,0.335449
1868.0000,0.334946
1869.0000,0.333695
1870.0000,0.335570
1871.0000,0.333381
1872.0000,0.335218
1873.0000,0.332997
1874.0000,0.334219
1875.0000,0.333555
1876.0000,0.333577
1877.0000,0.334362
1878.0000,0.334892
1879.0000,0.335814
1880.0000,0.333904
1881.0000,0.334072
1882.0000,0.332789
1883.0000,0.334428
1884.0000,0.333197
1885.0000,0.335858
1886.0000,0.333656
1887.0000,0.336976
1888.0000,0.335346
1889.0000,0.333252
1890.0000,0.336628
1891.0000,0.334800
1892.0000,0.336708
1893.0000,0.335566
1894.0000,0.332889
1895.0000,0.337639
1896.0000,0.335446
1897.0000,0.332651
1898.0000,0.333670
1899.0000,0.332859
1900.0000,0.337367
1901.0000,0.334560
1902.0000,0.335691
1903.0000,0.334142
1904.0000,0.335521
1905.0000,0.334887
1906.0000,0.336118
1907.0000,0.334933
1908.0000,0.335833
1909.0000,0.332202
1910.0000,0.334228
1911.0000,0.334119
1912.0000,0.333591
1913.0000,0.334155
1914.0000,0.337195
1915.0000,0.333754
1916.0000,0.335132
1917.0000,0.334516
1918.0000,0.335017
1919.0000,0.333637
1920.0000,0.335123
1921.0000,0.335903
1922.0000,0.335943
1923.0000,0.335724
1924.0000,0.337453
1925.0000,0.336489
1926.0000,0.336368
1927.0000,0.334811
1928.0000,0.336475
1929.0000,0.337141
1930.0000,0.334490
1931.0000,0.335477
1932.0000,0.333508
1933.0000,0.335851
1934.0000,0.334354
1935.0000,0.335545
1936.0000,0.335032
1937.0000,0.335379
1938.0000,0.336836
1939.0000,0.335212
1940.0000,0.334585
1941.0000,0.333825
1942.0000,0.333196
1943.0000,0.334744
1944.0000,0.333259
1945.0000,0.335049
1946.0000,0.335472
1947.0000,0.332941
1948.0000,0.334212
1949.0000,0.333965
1950.0000,0.334880
1951.0000,0.334601
1952.0000,0.335234
1953.0000,0.336975
1954.0000,0.336146
1955.0000,0.337501
1956.0000,0.335856
1957.0000,0.333919
1958.0000,0.334982
1959.0000,0.336419
1960.0000,0.333637
1961.0000,0.336255
1962.0000,0.339076
1963.0000,0.335712
1964.0000,0.336925
1965.0000,0.337726
1966.0000,0.333693
1967.0000,0.334639
1968.0000,0.335360
1969.0000,0.336937
1970.0000,0.334832
1971.0000,0.333844
1972.0000,0.335909
1973.0000,0.333656
1974.0000,0.334691
1975.0000,0.336695
1976.0000,0.334143
1977.0000,0.335457
1978.0000,0.335921
1979.0000,0.336422
1980.0000,0.335537
1981.0000,0.334266
1982.0000,0.334691
1983.0000,0.336233
1984.0000,0.336660
1985.0000,0.335260
1986.0000,0.337523
1987.0000,0.333162
1988.0000,0.332389
1989.0000,0.337278
1990.0000,0.334689
1991.0000,0.334105
1992.0000,0.334703
1993.0000,0.334513
1994.0000,0.338009
1995.0000,0.336099
1996.0000,0.332847
1997.0000,0.336996
1998.0000,0.337407
1999.0000,0.334954
2000.0000,0.337261
2001.0000,0.337013
2002.0000,0.336369
2003.0000,0.335081
2004.0000,0.335372
2005.0000,0.334331
2006.0000,0.335936
2007.0000,0.334001
2008.0000,0.334743
2009.0000,0.337366
2010.0000,0.332531
2011.0000,0.338172
2012.0000,0.337493
2013.0000,0.335047
2014.0000,0.337785
2015.0000,0.336477
2016.0000,0.333291
2017.0000,0.333927
2018.0000,0.335192
2019.0000,0.335651
2020.0000,0.335534
2021.0000,0.336855
2022.0000,0.335557
2023.0000,0.334997
2024.0000,0.334013
2025.0000,0.336174
2026.0000,0.336754
2027.0000,0.332960
2028.0000,0.336894
2029.0000,0.335896
2030.0000,0.335177
2031.0000,0.334427
2032.0000,0.338699
2033.0000,0.335390
2034.0000,0.334411
2035.0000,0.335549
2036.0000,0.335235
2037.0000,0.334891
2038.0000,0.336011
2039.0000,0.334825
2040.0000,0.336741
2041.0000,0.333920
2042.0000,0.337805
2043.0000,0.336152
2044.0000,0.335090
2045.0000,0.336476
2046.0000,0.336426
2047.0000,0.332098
2048.0000,0.336928
2049.0000,0.335471
2050.0000,0.336494
2051.0000,0.334756
2052.0000,0.335518
2053.0000,0.336701
2054.0000,0.335043
2055.0000,0.336863
2056.0000,0.336924
2057.0000,0.334540
2058.0000,0.336917
2059.0000,0.334540
2060.0000,0.334515
2061.0000,0.336537
2062.0000,0.335880
2063.0000,0.335925
2064.0000,0.335941
2065.0000,0.335603
2066.0000,0.335962
2067.0000,0.338738
2068.0000,0.335206
2069.0000,0.336071
2070.0000,0.336743
2071.0000,0.335487
2072.0000,0.334417
2073.0000,0.337007
2074.0000,0.336335
2075.0000,0.336027
2076.0000,0.334917
2077.0000,0.335085
2078.0000,0.336100
2079.0000,0.335324
2080.0000,0.336319
2081.0000,0.335149
2082.0000,0.335286
2083.0000,0.336640
2084.0000,0.332569
2085.0000,0.336049
2086.0000,0.334415
2087.0000,0.336986
2088.0000,0.335960
2089.0000,0.335928
2090.0000,0.334858
2091.0000,0.336112
2092.0000,0.336732
2093.0000,0.337626
2094.0000,0.338805
2095.0000,0.339461
2096.0000,0.337688
2097.0000,0.335253
2098.0000,0.336370
2099.0000,0.338270
2100.0000,0.336294
2101.0000,0.334903
2102.0000,0.336658
2103.0000,0.335455
2104.0000,0.340245
2105.0000,0.337773
2106.0000,0.334933
2107.0000,0.336228
2108.0000,0.332854
2109.0000,0.336632
2110.0000,0.335393
2111.0000,0.334461
2112.0000,0.337590
2113.0000,0.335470
2114.0000,0.335459
2115.0000,0.336497
2116.0000,0.336720
2117.0000,0.342173
2118.0000,0.335398
2119.0000,0.334371
2120.0000,0.335508
2121.0000,0.333918
2122.0000,0.339391
2123.0000,0.334444
2124.0000,0.336113
2125.0000,0.340633
2126.0000,0.337867
2127.0000,0.335199
2128.0000,0.336729
2129.0000,0.336956
2130.0000,0.336439
2131.0000,0.335178
2132.0000,0.333865
2133.0000,0.337353
2134.0000,0.335765
2135.0000,0.336739
2136.0000,0.337426
2137.0000,0.333994
2138.0000,0.339085
2139.0000,0.337068
2140.0000,0.335402
2141.0000,0.337145
2142.0000,0.337106
2143.0000,0.336966
2144.0000,0.339008
2145.0000,0.336866
2146.0000,0.334807
2147.0000,0.337617
2148.0000,0.335975
2149.0000,0.337402
2150.0000,0.336890
2151.0000,0.335855
2152.0000,0.337761
2153.0000,0.337437
2154.0000,0.335754
2155.0000,0.338526
2156.0000,0.335907
2157.0000,0.336363
2158.0000,0.338031
2159.0000,0.335851
2160.0000,0.335670
2161.0000,0.335705
2162.0000,0.334844
2163.0000,0.335907
2164.0000,0.336602
2165.0000,0.333714
2166.0000,0.334362
2167.0000,0.339084
2168.0000,0.338230
2169.0000,0.338266
2170.0000,0.338497
2171.0000,0.335686
2172.0000,0.336876
2173.0000,0.338239
2174.0000,0.335743
2175.0000,0.337225
2176.0000,0.336431
2177.0000,0.335828
2178.0000,0.335911
2179.0000,0.333018
2180.0000,0.338565
2181.0000,0.335731
2182.0000,0.335733
2183.0000,0.335097
2184.0000,0.336381
2185.0000,0.334061
2186.0000,0.335487
2187.0000,0.341385
2188.0000,0.337451
2189.0000,0.336155
2190.0000,0.335320
2191.0000,0.335815
2192.0000,0.335566
2193.0000,0.335745
2194.0000,0.337443
2195.0000,0.336380
2196.0000,0.337580
2197.0000,0.335717
2198.0000,0.336401
2199.0000,0.338117
2200.0000,0.335729
2201.0000,0.336471
2202.0000,0.335673
2203.0000,0.337277
2204.0000,0.337710
2205.0000,0.338106
2206.0000,0.336475
2207.0000,0.335220
2208.0000,0.334883
2209.0000,0.334378
2210.0000,0.340063
2211.0000,0.339155
2212.0000,0.333505
2213.0000,0.336220
2214.0000,0.333751
2215.0000,0.335222
2216.0000,0.335286
2217.0000,0.337368
2218.0000,0.334670
2219.0000,0.337044
2220.0000,0.341830
2221.0000,0.336197
2222.0000,0.338477
2223.0000,0.335285
2224.0000,0.337790
2225.0000,0.339104
2226.0000,0.336739
2227.0000,0.337908
2228.0000,0.338186
2229.0000,0.337646
2230.0000,0.339302
2231.0000,0.338167
2232.0000,0.337109
2233.0000,0.334495
2234.0000,0.334811
2235.0000,0.337912
2236.0000,0.336343
2237.0000,0.336563
2238.0000,0.336358
2239.0000,0.337668
2240.0000,0.340217
2241.0000,0.336205
2242.0000,0.336685
2243.0000,0.335895
2244.0000,0.334660
2245.0000,0.333873
2246.0000,0.337009
2247.0000,0.339550
2248.0000,0.335014
2249.0000,0.338424
2250.0000,0.335777
2251.0000,0.336928
2252.0000,0.337387
2253.0000,0.341590
2254.0000,0.333748
2255.0000,0.334977
2256.0000,0.334851
2257.0000,0.337545
2258.0000,0.339871
2259.0000,0.340084
2260.0000,0.338091
2261.0000,0.337183
2262.0000,0.335740
2263.0000,0.337166
2264.0000,0.340353
2265.0000,0.336261
2266.0000,0.338722
2267.0000,0.338213
2268.0000,0.336768
2269.0000,0.335018
2270.0000,0.338831
2271.0000,0.335192
2272.0000,0.335840
2273.0000,0.337558
2274.0000,0.336494
2275.0000,0.335053
2276.0000,0.337427
2277.0000,0.334959
2278.0000,0.336284
2279.0000,0.337095
2280.0000,0.339480
2281.0000,0.338463
2282.0000,0.337019
2283.0000,0.341375
2284.0000,0.335760
2285.0000,0.336112
2286.0000,0.337811
2287.0000,0.336049
2288.0000,0.335432
2289.0000,0.335287
2290.0000,0.337700
2291.0000,0.337579
2292.0000,0.336563
2293.0000,0.334398
2294.0000,0.338222
2295.0000,0.335918
2296.0000,0.339178
2297.0000,0.335490
2298.0000,0.337005
2299.0000,0.338100
2300.0000,0.337880
2301.0000,0.332938
2302.0000,0.337249
2303.0000,0.337263
2304.0000,0.336613
2305.0000,0.337737
2306.0000,0.339693
2307.0000,0.339137
2308.0000,0.335426
2309.0000,0.338474
2310.0000,0.337331
2311.0000,0.336602
2312.0000,0.338337
2313.0000,0.337822
2314.0000,0.335839
2315.0000,0.338743
2316.0000,0.338908
2317.0000,0.339077
2318.0000,0.337286
2319.0000,0.335865
2320.0000,0.335534
2321.0000,0.335808
2322.0000,0.337156
2323.0000,0.336471
2324.0000,0.336925
2325.0000,0.340419
2326.0000,0.336785
2327.0000,0.335451
2328.0000,0.335383
2329.0000,0.337412
2330.0000,0.338202
2331.0000,0.337656
2332.0000,0.336018
2333.0000,0.334739
2334.0000,0.340009
2335.0000,0.339502
2336.0000,0.336813
2337.0000,0.335869
2338.0000,0.338270
2339.0000,0.338553
2340.0000,0.337491
2341.0000,0.337134
2342.0000,0.337591
2343.0000,0.338922
2344.0000,0.336861
2345.0000,0.335308
2346.0000,0.338094
2347.0000,0.338139
2348.0000,0.340853
2349.0000,0.339276
2350.0000,0.336384
2351.0000,0.337600
2352.0000,0.339489
2353.0000,0.337675
2354.0000,0.338305
2355.0000,0.338580
2356.0000,0.333914
2357.0000,0.336796
2358.0000,0.339478
2359.0000,0.337024
2360.0000,0.334661
2361.0000,0.335517
2362.0000,0.338645
2363.0000,0.340360
2364.0000,0.335987
2365.0000,0.336326
2366.0000,0.336963
2367.0000,0.335380
2368.0000,0.339829
2369.0000,0.335670
2370.0000,0.336800
2371.0000,0.338867
2372.0000,0.336253
2373.0000,0.334001
2374.0000,0.339479
2375.0000,0.341071
2376.0000,0.338563
2377.0000,0.336119
2378.0000,0.333114
2379.0000,0.337980
2380.0000,0.334000
2381.0000,0.339194
2382.0000,0.336880
2383.0000,0.339054
2384.0000,0.335542
2385.0000,0.334479
2386.0000,0.335477
2387.0000,0.340992
2388.0000,0.336503
2389.0000,0.337423
2390.0000,0.338239
2391.0000,0.336851
2392.0000,0.339049
2393.0000,0.336201
2394.0000,0.335166
2395.0000,0.338522
2396.0000,0.340613
2397.0000,0.337991
2398.0000,0.334775
2399.0000,0.340769
2400.0000,0.339095
2401.0000,0.334733
2402.0000,0.338218
2403.0000,0.336813
2404.0000,0.336366
2405.0000,0.339504
2406.0000,0.338040
2407.0000,0.335594
2408.0000,0.339978
2409.0000,0.336289
2410.0000,0.340731
2411.0000,0.336912
2412.0000,0.339035
2413.0000,0.334548
2414.0000,0.339155
2415.0000,0.335009
2416.0000,0.341327
2417.0000,0.337010
2418.0000,0.337116
2419.0000,0.338089
2420.0000,0.334985
2421.0000,0.338070
2422.0000,0.333983
2423.0000,0.340247
2424.0000,0.339131
2425.0000,0.334082
2426.0000,0.342283
2427.0000,0.335340
2428.0000,0.335805
2429.0000,0.336531
2430.0000,0.338351
2431.0000,0.334094
2432.0000,0.338211
2433.0000,0.336067
2434.0000,0.336478
2435.0000,0.339559
2436.0000,0.337784
2437.0000,0.334982
2438.0000,0.337715
2439.0000,0.335960
2440.0000,0.339256
2441.0000,0.343496
2442.0000,0.331664
2443.0000,0.337008
2444.0000,0.345097
2445.0000,0.338356
2446.0000,0.338794
2447.0000,0.334546
2448.0000,0.329461
2449.0000,0.340118
2450.0000,0.332773
2451.0000,0.338492
2452.0000,0.333690
2453.0000,0.333514
2454.0000,0.332939
2455.0000,0.338951
2456.0000,0.336069
2457.0000,0.341766
2458.0000,0.334846
2459.0000,0.337458
2460.0000,0.335509
2461.0000,0.341574
2462.0000,0.338764
2463.0000,0.338200
2464.0000,0.340432
2465.0000,0.330196
2466.0000,0.331715
2467.0000,0.327898
2468.0000,0.344714
2469.0000,0.333766
2470.0000,0.335881
2471.0000,0.341601
2472.0000,0.335679
2473.0000,0.337835
2474.0000,0.330616
2475.0000,0.335816
2476.0000,0.329459
2477.0000,0.340166
2478.0000,0.331168
2479.0000,0.339954
2480.0000,0.331395
2481.0000,0.338283
2482.0000,0.333527
2483.0000,0.333856
2484.0000,0.338330
2485.0000,0.325514
2486.0000,0.338869
2487.0000,0.345835
2488.0000,0.344013
2489.0000,0.338105
2490.0000,0.341593
2491.0000,0.344300
2492.0000,0.330787
2493.0000,0.335094
2494.0000,0.337036
2495.0000,0.339510
2496.0000,0.344176
2497.0000,0.339176
2498.0000,0.336602
2499.0000,0.340146
2500.0000,0.334859
