# swirl-format: 1
# swirl-version: 0.1.0.dev0
# quantity: reflectance
# [white_mica_noisy] meta: {"synthetic": true, "end_member": "white_mica", "label": "White mica (muscovite-like, AlOH ~2200 nm)", "seed": [20260925, 3]}
# [white_mica_noisy] history: [{"name": "synthesize", "params": {"end_member": {"key": "white_mica", "label": "White mica (muscovite-like, AlOH ~2200 nm)", "continuum": [[350.0, 0.45], [600.0, 0.62], [1000.0, 0.72], [1400.0, 0.78], [2000.0, 0.76], [2500.0, 0.68]], "features": [{"center": 1408.0, "fwhm": 20.0, "depth": 0.12, "assignment": "OH"}, {"center": 1912.0, "fwhm": 40.0, "depth": 0.05, "assignment": "H2O"}, {"center": 2120.0, "fwhm": 25.0, "depth": 0.04, "assignment": "AlOH shoulder"}, {"center": 2200.0, "fwhm": 38.0, "depth": 0.35, "assignment": "AlOH"}, {"center": 2350.0, "fwhm": 25.0, "depth": 0.15, "assignment": "AlOH secondary"}, {"center": 2440.0, "fwhm": 25.0, "depth": 0.1, "assignment": "AlOH secondary"}]}}, "swirl_version": "0.1.0.dev0"}, {"name": "add_noise", "params": {"base": 0.0015, "low_boost": 4.0, "low_scale": 30.0, "high_boost": 3.0, "high_scale": 60.0}, "swirl_version": "0.1.0.dev0"}, {"name": "apply_splice_offsets", "params": {"vnir": -0.004604573585665501, "swir2": -0.003863471887254999}, "swirl_version": "0.1.0.dev0"}]
wavelength_nm,white_mica_noisy
350.0000,0.445325
351.0000,0.444950
352.0000,0.442906
353.0000,0.445112
354.0000,0.451946
355.0000,0.453892
356.0000,0.456306
357.0000,0.450358
358.0000,0.455544
359.0000,0.457907
360.0000,0.467214
361.0000,0.460054
362.0000,0.463995
363.0000,0.462172
364.0000,0.455500
365.0000,0.471390
366.0000,0.462534
367.0000,0.463776
368.0000,0.470893
369.0000,0.470296
370.0000,0.467178
371.0000,0.467626
372.0000,0.463114
373.0000,0.462179
374.0000,0.471998
375.0000,0.461915
376.0000,0.472559
377.0000,0.472013
378.0000,0.471846
379.0000,0.474249
380.0000,0.473485
381.0000,0.477681
382.0000,0.473466
383.0000,0.470736
384.0000,0.478834
385.0000,0.476129
386.0000,0.475855
387.0000,0.470049
388.0000,0.473662
389.0000,0.486344
390.0000,0.484759
391.0000,0.481466
392.0000,0.475818
393.0000,0.484778
394.0000,0.486740
395.0000,0.486401
396.0000,0.489377
397.0000,0.485330
398.0000,0.490482
399.0000,0.489330
400.0000,0.489624
401.0000,0.493166
402.0000,0.490267
403.0000,0.490984
404.0000,0.490568
405.0000,0.493429
406.0000,0.496337
407.0000,0.494619
408.0000,0.495886
409.0000,0.494699
410.0000,0.496827
411.0000,0.497464
412.0000,0.500305
413.0000,0.502892
414.0000,0.499729
415.0000,0.500166
416.0000,0.502573
417.0000,0.508648
418.0000,0.504253
419.0000,0.503553
420.0000,0.504551
421.0000,0.506192
422.0000,0.505122
423.0000,0.507798
424.0000,0.507010
425.0000,0.508948
426.0000,0.511401
427.0000,0.510876
428.0000,0.512934
429.0000,0.511686
430.0000,0.515535
431.0000,0.511882
432.0000,0.516509
433.0000,0.516003
434.0000,0.516190
435.0000,0.520405
436.0000,0.519859
437.0000,0.519298
438.0000,0.520639
439.0000,0.518808
440.0000,0.520001
441.0000,0.521472
442.0000,0.521044
443.0000,0.525436
444.0000,0.522586
445.0000,0.525859
446.0000,0.526839
447.0000,0.522902
448.0000,0.526851
449.0000,0.525442
450.0000,0.528720
451.0000,0.530656
452.0000,0.530829
453.0000,0.531686
454.0000,0.532599
455.0000,0.531752
456.0000,0.532181
457.0000,0.535874
458.0000,0.535816
459.0000,0.533527
460.0000,0.536377
461.0000,0.537048
462.0000,0.538165
463.0000,0.537920
464.0000,0.537247
465.0000,0.540942
466.0000,0.537955
467.0000,0.539105
468.0000,0.539310
469.0000,0.540598
470.0000,0.542789
471.0000,0.545537
472.0000,0.545101
473.0000,0.546581
474.0000,0.543744
475.0000,0.546396
476.0000,0.547772
477.0000,0.550091
478.0000,0.548111
479.0000,0.549224
480.0000,0.550782
481.0000,0.551507
482.0000,0.554225
483.0000,0.553823
484.0000,0.554280
485.0000,0.554592
486.0000,0.552805
487.0000,0.554716
488.0000,0.556879
489.0000,0.557304
490.0000,0.559872
491.0000,0.558992
492.0000,0.562056
493.0000,0.560984
494.0000,0.560098
495.0000,0.560725
496.0000,0.564621
497.0000,0.561553
498.0000,0.562831
499.0000,0.562732
500.0000,0.563613
501.0000,0.566615
502.0000,0.565046
503.0000,0.565671
504.0000,0.564121
505.0000,0.567376
506.0000,0.567972
507.0000,0.568496
508.0000,0.569135
509.0000,0.569879
510.0000,0.573294
511.0000,0.571856
512.0000,0.572162
513.0000,0.574990
514.0000,0.576434
515.0000,0.573848
516.0000,0.572706
517.0000,0.574019
518.0000,0.574869
519.0000,0.580044
520.0000,0.576689
521.0000,0.577448
522.0000,0.577982
523.0000,0.579550
524.0000,0.580851
525.0000,0.580886
526.0000,0.582531
527.0000,0.582877
528.0000,0.581885
529.0000,0.583137
530.0000,0.586376
531.0000,0.587417
532.0000,0.583627
533.0000,0.586249
534.0000,0.582886
535.0000,0.586686
536.0000,0.585884
537.0000,0.587278
538.0000,0.589227
539.0000,0.585736
540.0000,0.587326
541.0000,0.589619
542.0000,0.591262
543.0000,0.588745
544.0000,0.589880
545.0000,0.592863
546.0000,0.591219
547.0000,0.591658
548.0000,0.591748
549.0000,0.593399
550.0000,0.592455
551.0000,0.597094
552.0000,0.594240
553.0000,0.596273
554.0000,0.598068
555.0000,0.596249
556.0000,0.599571
557.0000,0.595884
558.0000,0.598212
559.0000,0.598921
560.0000,0.599277
561.0000,0.599953
562.0000,0.599165
563.0000,0.603080
564.0000,0.601483
565.0000,0.600050
566.0000,0.604588
567.0000,0.602833
568.0000,0.603667
569.0000,0.602608
570.0000,0.605663
571.0000,0.606908
572.0000,0.608622
573.0000,0.604026
574.0000,0.607535
575.0000,0.601162
576.0000,0.605769
577.0000,0.606182
578.0000,0.608262
579.0000,0.608919
580.0000,0.609069
581.0000,0.611298
582.0000,0.608748
583.0000,0.610007
584.0000,0.608711
585.0000,0.611961
586.0000,0.613522
587.0000,0.611751
588.0000,0.614242
589.0000,0.611524
590.0000,0.612826
591.0000,0.613785
592.0000,0.611260
593.0000,0.619982
594.0000,0.617388
595.0000,0.615236
596.0000,0.616939
597.0000,0.615080
598.0000,0.616333
599.0000,0.615412
600.0000,0.615839
601.0000,0.619381
602.0000,0.619207
603.0000,0.621131
604.0000,0.616994
605.0000,0.618162
606.0000,0.620553
607.0000,0.619348
608.0000,0.619076
609.0000,0.618702
610.0000,0.619891
611.0000,0.622170
612.0000,0.622420
613.0000,0.621648
614.0000,0.622082
615.0000,0.622479
616.0000,0.623610
617.0000,0.623800
618.0000,0.625375
619.0000,0.622490
620.0000,0.624461
621.0000,0.626478
622.0000,0.626793
623.0000,0.623857
624.0000,0.624852
625.0000,0.626786
626.0000,0.627755
627.0000,0.628978
628.0000,0.628199
629.0000,0.626367
630.0000,0.626842
631.0000,0.628457
632.0000,0.632863
633.0000,0.629083
634.0000,0.627847
635.0000,0.627013
636.0000,0.628219
637.0000,0.629664
638.0000,0.630719
639.0000,0.631827
640.0000,0.631034
641.0000,0.628349
642.0000,0.632145
643.0000,0.633048
644.0000,0.632455
645.0000,0.631638
646.0000,0.632607
647.0000,0.634901
648.0000,0.634022
649.0000,0.636844
650.0000,0.637199
651.0000,0.637748
652.0000,0.632217
653.0000,0.637734
654.0000,0.637629
655.0000,0.638466
656.0000,0.639320
657.0000,0.639151
658.0000,0.637795
659.0000,0.638807
660.0000,0.637676
661.0000,0.638865
662.0000,0.638999
663.0000,0.637812
664.0000,0.638995
665.0000,0.638789
666.0000,0.638719
667.0000,0.639780
668.0000,0.639603
669.0000,0.638091
670.0000,0.641918
671.0000,0.640068
672.0000,0.642392
673.0000,0.642366
674.0000,0.644241
675.0000,0.642078
676.0000,0.642326
677.0000,0.643814
678.0000,0.643087
679.0000,0.642250
680.0000,0.642934
681.0000,0.644650
682.0000,0.645828
683.0000,0.648485
684.0000,0.646646
685.0000,0.647616
686.0000,0.645290
687.0000,0.646446
688.0000,0.647676
689.0000,0.647623
690.0000,0.648072
691.0000,0.643480
692.0000,0.647221
693.0000,0.651058
694.0000,0.648767
695.0000,0.648565
696.0000,0.649343
697.0000,0.647550
698.0000,0.650332
699.0000,0.652071
700.0000,0.649619
701.0000,0.649859
702.0000,0.651080
703.0000,0.651698
704.0000,0.651109
705.0000,0.654985
706.0000,0.651180
707.0000,0.653277
708.0000,0.653937
709.0000,0.651952
710.0000,0.652255
711.0000,0.655019
712.0000,0.655817
713.0000,0.655464
714.0000,0.653918
715.0000,0.652642
716.0000,0.654138
717.0000,0.653759
718.0000,0.656589
719.0000,0.655753
720.0000,0.655829
721.0000,0.656953
722.0000,0.658036
723.0000,0.657772
724.0000,0.655256
725.0000,0.655422
726.0000,0.656709
727.0000,0.659534
728.0000,0.658086
729.0000,0.656432
730.0000,0.657125
731.0000,0.656588
732.0000,0.657638
733.0000,0.659737
734.0000,0.660514
735.0000,0.660290
736.0000,0.658935
737.0000,0.659403
738.0000,0.660810
739.0000,0.662169
740.0000,0.662262
741.0000,0.661970
742.0000,0.660219
743.0000,0.660525
744.0000,0.662058
745.0000,0.662895
746.0000,0.664891
747.0000,0.667611
748.0000,0.663210
749.0000,0.664881
750.0000,0.661835
751.0000,0.663263
752.0000,0.662681
753.0000,0.662696
754.0000,0.664468
755.0000,0.665623
756.0000,0.665581
757.0000,0.665946
758.0000,0.665513
759.0000,0.664597
760.0000,0.667618
761.0000,0.667120
762.0000,0.670193
763.0000,0.667366
764.0000,0.669446
765.0000,0.665166
766.0000,0.667663
767.0000,0.667981
768.0000,0.668660
769.0000,0.671482
770.0000,0.668638
771.0000,0.670869
772.0000,0.671266
773.0000,0.669981
774.0000,0.667669
775.0000,0.671518
776.0000,0.670092
777.0000,0.671439
778.0000,0.671236
779.0000,0.669640
780.0000,0.672065
781.0000,0.672780
782.0000,0.673474
783.0000,0.671590
784.0000,0.672566
785.0000,0.672475
786.0000,0.673128
787.0000,0.675460
788.0000,0.672826
789.0000,0.671378
790.0000,0.675095
791.0000,0.673430
792.0000,0.671609
793.0000,0.674395
794.0000,0.675869
795.0000,0.674123
796.0000,0.675337
797.0000,0.673992
798.0000,0.675615
799.0000,0.673603
800.0000,0.677585
801.0000,0.677145
802.0000,0.675505
803.0000,0.676095
804.0000,0.675576
805.0000,0.675004
806.0000,0.681880
807.0000,0.676967
808.0000,0.679237
809.0000,0.679542
810.0000,0.679881
811.0000,0.679106
812.0000,0.681028
813.0000,0.676892
814.0000,0.679554
815.0000,0.680507
816.0000,0.681215
817.0000,0.679442
818.0000,0.680834
819.0000,0.678716
820.0000,0.680577
821.0000,0.681574
822.0000,0.681028
823.0000,0.681962
824.0000,0.679116
825.0000,0.680509
826.0000,0.681935
827.0000,0.683095
828.0000,0.682189
829.0000,0.679538
830.0000,0.683208
831.0000,0.683722
832.0000,0.684012
833.0000,0.684668
834.0000,0.683365
835.0000,0.683104
836.0000,0.686307
837.0000,0.686655
838.0000,0.687135
839.0000,0.685514
840.0000,0.682935
841.0000,0.685713
842.0000,0.686891
843.0000,0.689035
844.0000,0.687136
845.0000,0.687337
846.0000,0.689346
847.0000,0.688267
848.0000,0.687145
849.0000,0.684532
850.0000,0.689214
851.0000,0.686257
852.0000,0.687244
853.0000,0.688290
854.0000,0.688049
855.0000,0.689200
856.0000,0.687926
857.0000,0.686855
858.0000,0.690112
859.0000,0.689509
860.0000,0.688513
861.0000,0.689275
862.0000,0.689811
863.0000,0.688383
864.0000,0.691704
865.0000,0.690867
866.0000,0.691317
867.0000,0.691831
868.0000,0.690807
869.0000,0.691110
870.0000,0.689324
871.0000,0.691261
872.0000,0.691089
873.0000,0.690735
874.0000,0.695180
875.0000,0.691624
876.0000,0.695005
877.0000,0.694053
878.0000,0.692725
879.0000,0.692798
880.0000,0.694533
881.0000,0.692134
882.0000,0.694436
883.0000,0.695303
884.0000,0.695764
885.0000,0.694529
886.0000,0.694585
887.0000,0.694678
888.0000,0.697402
889.0000,0.695526
890.0000,0.694108
891.0000,0.697790
892.0000,0.694183
893.0000,0.696405
894.0000,0.696198
895.0000,0.696385
896.0000,0.696414
897.0000,0.698921
898.0000,0.697373
899.0000,0.702899
900.0000,0.698856
901.0000,0.698326
902.0000,0.697161
903.0000,0.696706
904.0000,0.698047
905.0000,0.696989
906.0000,0.696364
907.0000,0.700752
908.0000,0.700122
909.0000,0.697575
910.0000,0.698944
911.0000,0.701773
912.0000,0.700893
913.0000,0.699542
914.0000,0.702487
915.0000,0.698873
916.0000,0.700373
917.0000,0.700457
918.0000,0.703708
919.0000,0.699760
920.0000,0.700099
921.0000,0.700732
922.0000,0.703216
923.0000,0.701463
924.0000,0.701931
925.0000,0.701021
926.0000,0.702991
927.0000,0.699867
928.0000,0.703483
929.0000,0.705579
930.0000,0.704242
931.0000,0.703982
932.0000,0.704108
933.0000,0.703573
934.0000,0.704564
935.0000,0.704156
936.0000,0.707210
937.0000,0.705606
938.0000,0.704334
939.0000,0.706520
940.0000,0.706196
941.0000,0.703946
942.0000,0.706410
943.0000,0.706549
944.0000,0.704977
945.0000,0.703849
946.0000,0.706842
947.0000,0.706864
948.0000,0.707579
949.0000,0.707765
950.0000,0.705854
951.0000,0.706479
952.0000,0.708404
953.0000,0.707883
954.0000,0.708024
955.0000,0.707402
956.0000,0.708257
957.0000,0.707113
958.0000,0.709967
959.0000,0.709707
960.0000,0.708346
961.0000,0.707411
962.0000,0.708896
963.0000,0.709411
964.0000,0.709030
965.0000,0.712032
966.0000,0.711979
967.0000,0.709827
968.0000,0.714557
969.0000,0.708963
970.0000,0.713717
971.0000,0.710502
972.0000,0.711674
973.0000,0.710051
974.0000,0.710073
975.0000,0.713744
976.0000,0.712085
977.0000,0.711354
978.0000,0.714668
979.0000,0.711574
980.0000,0.712342
981.0000,0.712143
982.0000,0.713597
983.0000,0.713386
984.0000,0.715974
985.0000,0.713199
986.0000,0.714115
987.0000,0.714454
988.0000,0.714597
989.0000,0.714375
990.0000,0.715011
991.0000,0.715486
992.0000,0.712919
993.0000,0.716103
994.0000,0.718244
995.0000,0.716553
996.0000,0.716415
997.0000,0.715755
998.0000,0.716483
999.0000,0.715446
1000.0000,0.714943
1001.0000,0.719268
1002.0000,0.723336
1003.0000,0.723436
1004.0000,0.724192
1005.0000,0.721039
1006.0000,0.720526
1007.0000,0.724282
1008.0000,0.722155
1009.0000,0.723735
1010.0000,0.723970
1011.0000,0.719635
1012.0000,0.723722
1013.0000,0.722000
1014.0000,0.721487
1015.0000,0.720680
1016.0000,0.723529
1017.0000,0.721931
1018.0000,0.725307
1019.0000,0.723898
1020.0000,0.721655
1021.0000,0.720589
1022.0000,0.722729
1023.0000,0.726645
1024.0000,0.723191
1025.0000,0.725934
1026.0000,0.725268
1027.0000,0.725765
1028.0000,0.726354
1029.0000,0.726247
1030.0000,0.725884
1031.0000,0.726220
1032.0000,0.727316
1033.0000,0.726050
1034.0000,0.725958
1035.0000,0.728008
1036.0000,0.726831
1037.0000,0.725417
1038.0000,0.726358
1039.0000,0.727105
1040.0000,0.728012
1041.0000,0.726198
1042.0000,0.726265
1043.0000,0.728787
1044.0000,0.730514
1045.0000,0.731738
1046.0000,0.730615
1047.0000,0.730732
1048.0000,0.731319
1049.0000,0.729382
1050.0000,0.731137
1051.0000,0.730057
1052.0000,0.730950
1053.0000,0.732062
1054.0000,0.730756
1055.0000,0.731738
1056.0000,0.730474
1057.0000,0.732251
1058.0000,0.733631
1059.0000,0.733398
1060.0000,0.730748
1061.0000,0.731499
1062.0000,0.729733
1063.0000,0.732655
1064.0000,0.730404
1065.0000,0.731687
1066.0000,0.735215
1067.0000,0.733942
1068.0000,0.733796
1069.0000,0.733709
1070.0000,0.735691
1071.0000,0.731278
1072.0000,0.734236
1073.0000,0.734777
1074.0000,0.733573
1075.0000,0.731428
1076.0000,0.738738
1077.0000,0.734548
1078.0000,0.734082
1079.0000,0.733144
1080.0000,0.736835
1081.0000,0.737255
1082.0000,0.738551
1083.0000,0.736327
1084.0000,0.735077
1085.0000,0.734880
1086.0000,0.735053
1087.0000,0.735789
1088.0000,0.737075
1089.0000,0.738248
1090.0000,0.737324
1091.0000,0.737430
1092.0000,0.738157
1093.0000,0.739441
1094.0000,0.741239
1095.0000,0.737813
1096.0000,0.738318
1097.0000,0.738614
1098.0000,0.737566
1099.0000,0.738447
1100.0000,0.739984
1101.0000,0.740829
1102.0000,0.741633
1103.0000,0.739038
1104.0000,0.740546
1105.0000,0.739264
1106.0000,0.742260
1107.0000,0.739263
1108.0000,0.743298
1109.0000,0.742264
1110.0000,0.741288
1111.0000,0.741678
1112.0000,0.743089
1113.0000,0.742941
1114.0000,0.742294
1115.0000,0.743030
1116.0000,0.743396
1117.0000,0.743248
1118.0000,0.743938
1119.0000,0.746162
1120.0000,0.743408
1121.0000,0.745565
1122.0000,0.744256
1123.0000,0.741824
1124.0000,0.743884
1125.0000,0.744575
1126.0000,0.746525
1127.0000,0.748874
1128.0000,0.747647
1129.0000,0.747705
1130.0000,0.746849
1131.0000,0.745142
1132.0000,0.746685
1133.0000,0.744441
1134.0000,0.746070
1135.0000,0.745574
1136.0000,0.749132
1137.0000,0.747692
1138.0000,0.745932
1139.0000,0.748334
1140.0000,0.747207
1141.0000,0.747154
1142.0000,0.747928
1143.0000,0.748997
1144.0000,0.747066
1145.0000,0.750593
1146.0000,0.747570
1147.0000,0.749708
1148.0000,0.748861
1149.0000,0.749173
1150.0000,0.749478
1151.0000,0.748240
1152.0000,0.750016
1153.0000,0.749925
1154.0000,0.750686
1155.0000,0.749466
1156.0000,0.751614
1157.0000,0.752921
1158.0000,0.748377
1159.0000,0.751154
1160.0000,0.748939
1161.0000,0.748749
1162.0000,0.752252
1163.0000,0.752825
1164.0000,0.754796
1165.0000,0.754263
1166.0000,0.754039
1167.0000,0.757266
1168.0000,0.752463
1169.0000,0.755911
1170.0000,0.753045
1171.0000,0.756014
1172.0000,0.754591
1173.0000,0.754590
1174.0000,0.756409
1175.0000,0.754191
1176.0000,0.757208
1177.0000,0.756073
1178.0000,0.757287
1179.0000,0.756788
1180.0000,0.757152
1181.0000,0.756221
1182.0000,0.756057
1183.0000,0.757106
1184.0000,0.755197
1185.0000,0.756176
1186.0000,0.755188
1187.0000,0.758014
1188.0000,0.758624
1189.0000,0.757513
1190.0000,0.757837
1191.0000,0.759078
1192.0000,0.760393
1193.0000,0.758669
1194.0000,0.760456
1195.0000,0.757996
1196.0000,0.764085
1197.0000,0.759120
1198.0000,0.759570
1199.0000,0.764411
1200.0000,0.759608
1201.0000,0.762135
1202.0000,0.760487
1203.0000,0.761499
1204.0000,0.759829
1205.0000,0.760990
1206.0000,0.761145
1207.0000,0.760854
1208.0000,0.762888
1209.0000,0.758047
1210.0000,0.763044
1211.0000,0.764907
1212.0000,0.761045
1213.0000,0.762564
1214.0000,0.763327
1215.0000,0.763427
1216.0000,0.762786
1217.0000,0.763845
1218.0000,0.760330
1219.0000,0.764263
1220.0000,0.759619
1221.0000,0.763640
1222.0000,0.763542
1223.0000,0.760761
1224.0000,0.762543
1225.0000,0.764923
1226.0000,0.764637
1227.0000,0.765832
1228.0000,0.765797
1229.0000,0.762284
1230.0000,0.762382
1231.0000,0.763429
1232.0000,0.764574
1233.0000,0.765813
1234.0000,0.765879
1235.0000,0.764750
1236.0000,0.765555
1237.0000,0.762658
1238.0000,0.763861
1239.0000,0.765261
1240.0000,0.765843
1241.0000,0.765735
1242.0000,0.766831
1243.0000,0.767082
1244.0000,0.765016
1245.0000,0.764037
1246.0000,0.770461
1247.0000,0.768172
1248.0000,0.765690
1249.0000,0.765407
1250.0000,0.769063
1251.0000,0.769575
1252.0000,0.769013
1253.0000,0.766757
1254.0000,0.771269
1255.0000,0.767624
1256.0000,0.769180
1257.0000,0.770367
1258.0000,0.767089
1259.0000,0.769509
1260.0000,0.770121
1261.0000,0.769162
1262.0000,0.771264
1263.0000,0.773104
1264.0000,0.771035
1265.0000,0.769151
1266.0000,0.770221
1267.0000,0.769747
1268.0000,0.772533
1269.0000,0.769723
1270.0000,0.767147
1271.0000,0.768066
1272.0000,0.770050
1273.0000,0.770870
1274.0000,0.768002
1275.0000,0.773277
1276.0000,0.772249
1277.0000,0.770992
1278.0000,0.773338
1279.0000,0.768078
1280.0000,0.771188
1281.0000,0.772170
1282.0000,0.772902
1283.0000,0.773742
1284.0000,0.772514
1285.0000,0.775538
1286.0000,0.771334
1287.0000,0.771238
1288.0000,0.771793
1289.0000,0.770663
1290.0000,0.771539
1291.0000,0.772133
1292.0000,0.772615
1293.0000,0.772990
1294.0000,0.773786
1295.0000,0.775969
1296.0000,0.774136
1297.0000,0.774624
1298.0000,0.772086
1299.0000,0.773469
1300.0000,0.774130
1301.0000,0.776276
1302.0000,0.773656
1303.0000,0.771961
1304.0000,0.776584
1305.0000,0.775183
1306.0000,0.775378
1307.0000,0.776139
1308.0000,0.771221
1309.0000,0.776295
1310.0000,0.775759
1311.0000,0.776540
1312.0000,0.773882
1313.0000,0.774793
1314.0000,0.776048
1315.0000,0.776500
1316.0000,0.778481
1317.0000,0.775982
1318.0000,0.775454
1319.0000,0.777908
1320.0000,0.775266
1321.0000,0.774309
1322.0000,0.776891
1323.0000,0.774553
1324.0000,0.775941
1325.0000,0.777979
1326.0000,0.779133
1327.0000,0.777073
1328.0000,0.779091
1329.0000,0.777560
1330.0000,0.777472
1331.0000,0.776112
1332.0000,0.777737
1333.0000,0.776266
1334.0000,0.779150
1335.0000,0.776667
1336.0000,0.776663
1337.0000,0.776961
1338.0000,0.774054
1339.0000,0.778681
1340.0000,0.777527
1341.0000,0.779670
1342.0000,0.778657
1343.0000,0.777694
1344.0000,0.776435
1345.0000,0.778716
1346.0000,0.777200
1347.0000,0.782087
1348.0000,0.777269
1349.0000,0.778708
1350.0000,0.780171
1351.0000,0.779946
1352.0000,0.776951
1353.0000,0.778835
1354.0000,0.780901
1355.0000,0.779908
1356.0000,0.780427
1357.0000,0.777356
1358.0000,0.778074
1359.0000,0.778179
1360.0000,0.781187
1361.0000,0.778374
1362.0000,0.777850
1363.0000,0.777065
1364.0000,0.775790
1365.0000,0.779778
1366.0000,0.780361
1367.0000,0.780219
1368.0000,0.779848
1369.0000,0.779501
1370.0000,0.778460
1371.0000,0.778864
1372.0000,0.780559
1373.0000,0.779535
1374.0000,0.780280
1375.0000,0.777601
1376.0000,0.777713
1377.0000,0.778645
1378.0000,0.778830
1379.0000,0.779261
1380.0000,0.779741
1381.0000,0.781439
1382.0000,0.774901
1383.0000,0.780756
1384.0000,0.779702
1385.0000,0.777863
1386.0000,0.775311
1387.0000,0.776392
1388.0000,0.776381
1389.0000,0.769752
1390.0000,0.771199
1391.0000,0.769836
1392.0000,0.764277
1393.0000,0.760533
1394.0000,0.756257
1395.0000,0.752871
1396.0000,0.744584
1397.0000,0.739557
1398.0000,0.731566
1399.0000,0.726722
1400.0000,0.720172
1401.0000,0.716131
1402.0000,0.705245
1403.0000,0.701544
1404.0000,0.696586
1405.0000,0.691275
1406.0000,0.689076
1407.0000,0.686117
1408.0000,0.688228
1409.0000,0.687217
1410.0000,0.688493
1411.0000,0.692326
1412.0000,0.696659
1413.0000,0.702006
1414.0000,0.708253
1415.0000,0.713172
1416.0000,0.721025
1417.0000,0.726044
1418.0000,0.733281
1419.0000,0.738925
1420.0000,0.745200
1421.0000,0.750117
1422.0000,0.755829
1423.0000,0.760385
1424.0000,0.761089
1425.0000,0.767570
1426.0000,0.770508
1427.0000,0.771450
1428.0000,0.773893
1429.0000,0.773810
1430.0000,0.777955
1431.0000,0.780212
1432.0000,0.777554
1433.0000,0.782730
1434.0000,0.779067
1435.0000,0.778561
1436.0000,0.776701
1437.0000,0.780632
1438.0000,0.777674
1439.0000,0.780975
1440.0000,0.778356
1441.0000,0.779448
1442.0000,0.780904
1443.0000,0.780843
1444.0000,0.782658
1445.0000,0.778878
1446.0000,0.780458
1447.0000,0.780143
1448.0000,0.781426
1449.0000,0.782087
1450.0000,0.782227
1451.0000,0.779505
1452.0000,0.780242
1453.0000,0.780086
1454.0000,0.780509
1455.0000,0.779724
1456.0000,0.779048
1457.0000,0.780519
1458.0000,0.778161
1459.0000,0.778824
1460.0000,0.780770
1461.0000,0.777720
1462.0000,0.780046
1463.0000,0.780443
1464.0000,0.780311
1465.0000,0.778332
1466.0000,0.779061
1467.0000,0.778806
1468.0000,0.778892
1469.0000,0.780788
1470.0000,0.777826
1471.0000,0.781565
1472.0000,0.780906
1473.0000,0.777549
1474.0000,0.778728
1475.0000,0.781207
1476.0000,0.779326
1477.0000,0.780879
1478.0000,0.778820
1479.0000,0.779234
1480.0000,0.780006
1481.0000,0.781524
1482.0000,0.779189
1483.0000,0.778911
1484.0000,0.780983
1485.0000,0.781577
1486.0000,0.777932
1487.0000,0.780473
1488.0000,0.779801
1489.0000,0.782349
1490.0000,0.780492
1491.0000,0.779412
1492.0000,0.776770
1493.0000,0.779935
1494.0000,0.779596
1495.0000,0.780170
1496.0000,0.779581
1497.0000,0.780607
1498.0000,0.780100
1499.0000,0.778962
1500.0000,0.779227
1501.0000,0.780831
1502.0000,0.776260
1503.0000,0.780418
1504.0000,0.780888
1505.0000,0.778491
1506.0000,0.780061
1507.0000,0.778259
1508.0000,0.779018
1509.0000,0.779585
1510.0000,0.776849
1511.0000,0.778453
1512.0000,0.777118
1513.0000,0.777642
1514.0000,0.776878
1515.0000,0.778621
1516.0000,0.778959
1517.0000,0.779347
1518.0000,0.780116
1519.0000,0.780283
1520.0000,0.778563
1521.0000,0.779289
1522.0000,0.777157
1523.0000,0.779998
1524.0000,0.778086
1525.0000,0.780052
1526.0000,0.777316
1527.0000,0.777000
1528.0000,0.776570
1529.0000,0.778314
1530.0000,0.778824
1531.0000,0.778112
1532.0000,0.778669
1533.0000,0.780023
1534.0000,0.778872
1535.0000,0.779112
1536.0000,0.778800
1537.0000,0.777210
1538.0000,0.779754
1539.0000,0.778760
1540.0000,0.777428
1541.0000,0.776915
1542.0000,0.778300
1543.0000,0.777461
1544.0000,0.778700
1545.0000,0.778421
1546.0000,0.779595
1547.0000,0.780510
1548.0000,0.776080
1549.0000,0.778379
1550.0000,0.776106
1551.0000,0.778738
1552.0000,0.779966
1553.0000,0.779172
1554.0000,0.779209
1555.0000,0.779376
1556.0000,0.780357
1557.0000,0.779207
1558.0000,0.778286
1559.0000,0.776683
1560.0000,0.779250
1561.0000,0.774960
1562.0000,0.774804
1563.0000,0.775037
1564.0000,0.778007
1565.0000,0.777913
1566.0000,0.775849
1567.0000,0.777494
1568.0000,0.781941
1569.0000,0.777695
1570.0000,0.780609
1571.0000,0.778732
1572.0000,0.779303
1573.0000,0.777319
1574.0000,0.776995
1575.0000,0.778704
1576.0000,0.777377
1577.0000,0.778600
1578.0000,0.777170
1579.0000,0.779345
1580.0000,0.779796
1581.0000,0.778771
1582.0000,0.775853
1583.0000,0.776973
1584.0000,0.778548
1585.0000,0.774658
1586.0000,0.777817
1587.0000,0.776009
1588.0000,0.779986
1589.0000,0.779114
1590.0000,0.773212
1591.0000,0.777323
1592.0000,0.779890
1593.0000,0.778092
1594.0000,0.778103
1595.0000,0.777613
1596.0000,0.778621
1597.0000,0.775735
1598.0000,0.778231
1599.0000,0.777460
1600.0000,0.779111
1601.0000,0.778986
1602.0000,0.774812
1603.0000,0.776362
1604.0000,0.775910
1605.0000,0.776904
1606.0000,0.778809
1607.0000,0.775195
1608.0000,0.775707
1609.0000,0.775678
1610.0000,0.775711
1611.0000,0.776190
1612.0000,0.776296
1613.0000,0.775671
1614.0000,0.777843
1615.0000,0.777190
1616.0000,0.775373
1617.0000,0.779480
1618.0000,0.777767
1619.0000,0.776327
1620.0000,0.779405
1621.0000,0.774136
1622.0000,0.778314
1623.0000,0.775088
1624.0000,0.778108
1625.0000,0.776286
1626.0000,0.777061
1627.0000,0.777755
1628.0000,0.773992
1629.0000,0.773047
1630.0000,0.778575
1631.0000,0.778119
1632.0000,0.776577
1633.0000,0.776979
1634.0000,0.776257
1635.0000,0.777201
1636.0000,0.773685
1637.0000,0.777520
1638.0000,0.774885
1639.0000,0.776261
1640.0000,0.777533
1641.0000,0.776491
1642.0000,0.775150
1643.0000,0.774415
1644.0000,0.777194
1645.0000,0.774209
1646.0000,0.775624
1647.0000,0.776628
1648.0000,0.777192
1649.0000,0.777706
1650.0000,0.775761
1651.0000,0.778375
1652.0000,0.777311
1653.0000,0.775634
1654.0000,0.773430
1655.0000,0.775927
1656.0000,0.773330
1657.0000,0.776544
1658.0000,0.776112
1659.0000,0.775192
1660.0000,0.778590
1661.0000,0.774659
1662.0000,0.773232
1663.0000,0.774398
1664.0000,0.776021
1665.0000,0.774004
1666.0000,0.773735
1667.0000,0.772345
1668.0000,0.774765
1669.0000,0.773316
1670.0000,0.774552
1671.0000,0.776684
1672.0000,0.775505
1673.0000,0.773102
1674.0000,0.775896
1675.0000,0.777789
1676.0000,0.773730
1677.0000,0.773737
1678.0000,0.772546
1679.0000,0.776186
1680.0000,0.771427
1681.0000,0.775214
1682.0000,0.773806
1683.0000,0.775495
1684.0000,0.774540
1685.0000,0.774847
1686.0000,0.772976
1687.0000,0.775347
1688.0000,0.773442
1689.0000,0.775712
1690.0000,0.774869
1691.0000,0.774368
1692.0000,0.774463
1693.0000,0.774175
1694.0000,0.774368
1695.0000,0.773782
1696.0000,0.772352
1697.0000,0.772981
1698.0000,0.774606
1699.0000,0.772819
1700.0000,0.777557
1701.0000,0.775923
1702.0000,0.773253
1703.0000,0.772853
1704.0000,0.772334
1705.0000,0.774706
1706.0000,0.774885
1707.0000,0.773516
1708.0000,0.774019
1709.0000,0.774902
1710.0000,0.773912
1711.0000,0.776441
1712.0000,0.772524
1713.0000,0.771969
1714.0000,0.773260
1715.0000,0.772255
1716.0000,0.771777
1717.0000,0.776121
1718.0000,0.773941
1719.0000,0.772586
1720.0000,0.773926
1721.0000,0.774604
1722.0000,0.772751
1723.0000,0.772225
1724.0000,0.771547
1725.0000,0.770435
1726.0000,0.773813
1727.0000,0.769516
1728.0000,0.771185
1729.0000,0.771180
1730.0000,0.772835
1731.0000,0.770107
1732.0000,0.772829
1733.0000,0.774307
1734.0000,0.770826
1735.0000,0.771865
1736.0000,0.774687
1737.0000,0.775679
1738.0000,0.771840
1739.0000,0.772388
1740.0000,0.773120
1741.0000,0.771342
1742.0000,0.772331
1743.0000,0.772019
1744.0000,0.774065
1745.0000,0.772514
1746.0000,0.770963
1747.0000,0.772323
1748.0000,0.771926
1749.0000,0.771294
1750.0000,0.770298
1751.0000,0.772103
1752.0000,0.773372
1753.0000,0.774482
1754.0000,0.772770
1755.0000,0.773266
1756.0000,0.774521
1757.0000,0.775241
1758.0000,0.773017
1759.0000,0.770438
1760.0000,0.770304
1761.0000,0.769448
1762.0000,0.772850
1763.0000,0.771309
1764.0000,0.768781
1765.0000,0.770846
1766.0000,0.767876
1767.0000,0.773215
1768.0000,0.770463
1769.0000,0.769645
1770.0000,0.770866
1771.0000,0.774011
1772.0000,0.769632
1773.0000,0.773386
1774.0000,0.770742
1775.0000,0.772782
1776.0000,0.769442
1777.0000,0.768372
1778.0000,0.771239
1779.0000,0.771922
1780.0000,0.771968
1781.0000,0.773686
1782.0000,0.770427
1783.0000,0.770380
1784.0000,0.773203
1785.0000,0.769252
1786.0000,0.772079
1787.0000,0.772617
1788.0000,0.768105
1789.0000,0.772690
1790.0000,0.769903
1791.0000,0.770005
1792.0000,0.771938
1793.0000,0.770224
1794.0000,0.769777
1795.0000,0.770376
1796.0000,0.769803
1797.0000,0.768607
1798.0000,0.771384
1799.0000,0.770712
1800.0000,0.768709
1801.0000,0.767259
1802.0000,0.767904
1803.0000,0.768003
1804.0000,0.770859
1805.0000,0.766220
1806.0000,0.767265
1807.0000,0.765055
1808.0000,0.770404
1809.0000,0.767329
1810.0000,0.767574
1811.0000,0.766162
1812.0000,0.766664
1813.0000,0.767739
1814.0000,0.765498
1815.0000,0.766877
1816.0000,0.769602
1817.0000,0.768024
1818.0000,0.765583
1819.0000,0.766414
1820.0000,0.766236
1821.0000,0.765369
1822.0000,0.765917
1823.0000,0.765286
1824.0000,0.766943
1825.0000,0.764347
1826.0000,0.765139
1827.0000,0.765041
1828.0000,0.766885
1829.0000,0.764800
1830.0000,0.766541
1831.0000,0.765974
1832.0000,0.763345
1833.0000,0.766216
1834.0000,0.765612
1835.0000,0.763691
1836.0000,0.766753
1837.0000,0.766541
1838.0000,0.765047
1839.0000,0.766712
1840.0000,0.764517
1841.0000,0.763260
1842.0000,0.766513
1843.0000,0.767037
1844.0000,0.769127
1845.0000,0.766099
1846.0000,0.765434
1847.0000,0.764361
1848.0000,0.764539
1849.0000,0.763649
1850.0000,0.762893
1851.0000,0.767524
1852.0000,0.764328
1853.0000,0.765534
1854.0000,0.763912
1855.0000,0.766429
1856.0000,0.764485
1857.0000,0.763744
1858.0000,0.763227
1859.0000,0.766384
1860.0000,0.764310
1861.0000,0.763150
1862.0000,0.765956
1863.0000,0.761689
1864.0000,0.763688
1865.0000,0.763387
1866.0000,0.762947
1867.0000,0.764394
1868.0000,0.763367
1869.0000,0.760138
1870.0000,0.762109
1871.0000,0.763997
1872.0000,0.760493
1873.0000,0.760358
1874.0000,0.762456
1875.0000,0.758609
1876.0000,0.761761
1877.0000,0.758585
1878.0000,0.757319
1879.0000,0.757589
1880.0000,0.757087
1881.0000,0.755120
1882.0000,0.757062
1883.0000,0.755815
1884.0000,0.756119
1885.0000,0.752096
1886.0000,0.751936
1887.0000,0.750390
1888.0000,0.749629
1889.0000,0.748100
1890.0000,0.745347
1891.0000,0.748242
1892.0000,0.744919
1893.0000,0.741639
1894.0000,0.741540
1895.0000,0.741788
1896.0000,0.737149
1897.0000,0.736355
1898.0000,0.737633
1899.0000,0.734483
1900.0000,0.731372
1901.0000,0.735209
1902.0000,0.731421
1903.0000,0.727797
1904.0000,0.727482
1905.0000,0.725360
1906.0000,0.727082
1907.0000,0.724755
1908.0000,0.726415
1909.0000,0.724964
1910.0000,0.725351
1911.0000,0.723407
1912.0000,0.723292
1913.0000,0.725374
1914.0000,0.724427
1915.0000,0.725363
1916.0000,0.724864
1917.0000,0.725606
1918.0000,0.726086
1919.0000,0.725620
1920.0000,0.726687
1921.0000,0.727810
1922.0000,0.729723
1923.0000,0.730421
1924.0000,0.730060
1925.0000,0.734887
1926.0000,0.733231
1927.0000,0.736419
1928.0000,0.737193
1929.0000,0.737407
1930.0000,0.738035
1931.0000,0.741256
1932.0000,0.741565
1933.0000,0.743570
1934.0000,0.744848
1935.0000,0.746551
1936.0000,0.745216
1937.0000,0.748036
1938.0000,0.749553
1939.0000,0.750400
1940.0000,0.753057
1941.0000,0.751162
1942.0000,0.751932
1943.0000,0.754580
1944.0000,0.755175
1945.0000,0.754264
1946.0000,0.756066
1947.0000,0.756035
1948.0000,0.755240
1949.0000,0.753369
1950.0000,0.757041
1951.0000,0.755866
1952.0000,0.760383
1953.0000,0.757740
1954.0000,0.756134
1955.0000,0.760645
1956.0000,0.758433
1957.0000,0.757415
1958.0000,0.758827
1959.0000,0.757447
1960.0000,0.759674
1961.0000,0.758532
1962.0000,0.759181
1963.0000,0.756181
1964.0000,0.760300
1965.0000,0.757756
1966.0000,0.757927
1967.0000,0.758801
1968.0000,0.759410
1969.0000,0.758444
1970.0000,0.754414
1971.0000,0.760177
1972.0000,0.759575
1973.0000,0.757665
1974.0000,0.757384
1975.0000,0.757370
1976.0000,0.758437
1977.0000,0.758215
1978.0000,0.759698
1979.0000,0.758543
1980.0000,0.757312
1981.0000,0.762340
1982.0000,0.757061
1983.0000,0.757867
1984.0000,0.760078
1985.0000,0.758438
1986.0000,0.758635
1987.0000,0.759171
1988.0000,0.759645
1989.0000,0.757803
1990.0000,0.755980
1991.0000,0.758054
1992.0000,0.757415
1993.0000,0.755225
1994.0000,0.757479
1995.0000,0.757637
1996.0000,0.758390
1997.0000,0.757225
1998.0000,0.759107
1999.0000,0.756202
2000.0000,0.756085
2001.0000,0.753876
2002.0000,0.754112
2003.0000,0.756019
2004.0000,0.755624
2005.0000,0.756741
2006.0000,0.759432
2007.0000,0.754939
2008.0000,0.755385
2009.0000,0.755014
2010.0000,0.756136
2011.0000,0.757373
2012.0000,0.755481
2013.0000,0.756287
2014.0000,0.756338
2015.0000,0.756023
2016.0000,0.755261
2017.0000,0.756626
2018.0000,0.753729
2019.0000,0.754593
2020.0000,0.756850
2021.0000,0.755405
2022.0000,0.753546
2023.0000,0.754401
2024.0000,0.756245
2025.0000,0.753762
2026.0000,0.756776
2027.0000,0.755749
2028.0000,0.753534
2029.0000,0.755183
2030.0000,0.753186
2031.0000,0.758131
2032.0000,0.756892
2033.0000,0.754368
2034.0000,0.753933
2035.0000,0.755081
2036.0000,0.753307
2037.0000,0.756012
2038.0000,0.757489
2039.0000,0.756068
2040.0000,0.752086
2041.0000,0.754116
2042.0000,0.757244
2043.0000,0.754425
2044.0000,0.752330
2045.0000,0.754241
2046.0000,0.754724
2047.0000,0.754144
2048.0000,0.754714
2049.0000,0.752559
2050.0000,0.754404
2051.0000,0.752856
2052.0000,0.752521
2053.0000,0.754559
2054.0000,0.752374
2055.0000,0.754383
2056.0000,0.756230
2057.0000,0.755094
2058.0000,0.753692
2059.0000,0.753867
2060.0000,0.752329
2061.0000,0.753690
2062.0000,0.754062
2063.0000,0.751209
2064.0000,0.750115
2065.0000,0.751034
2066.0000,0.754141
2067.0000,0.751846
2068.0000,0.753608
2069.0000,0.750118
2070.0000,0.752268
2071.0000,0.751188
2072.0000,0.749897
2073.0000,0.753402
2074.0000,0.749607
2075.0000,0.748699
2076.0000,0.752465
2077.0000,0.749631
2078.0000,0.751514
2079.0000,0.750682
2080.0000,0.748499
2081.0000,0.751562
2082.0000,0.752128
2083.0000,0.749339
2084.0000,0.752385
2085.0000,0.747848
2086.0000,0.748687
2087.0000,0.748579
2088.0000,0.748810
2089.0000,0.749631
2090.0000,0.749513
2091.0000,0.749013
2092.0000,0.752238
2093.0000,0.746320
2094.0000,0.744946
2095.0000,0.746464
2096.0000,0.748473
2097.0000,0.746696
2098.0000,0.746188
2099.0000,0.746600
2100.0000,0.745267
2101.0000,0.741522
2102.0000,0.743797
2103.0000,0.740393
2104.0000,0.738844
2105.0000,0.735823
2106.0000,0.735634
2107.0000,0.734424
2108.0000,0.732637
2109.0000,0.729403
2110.0000,0.727806
2111.0000,0.726990
2112.0000,0.725245
2113.0000,0.726025
2114.0000,0.720026
2115.0000,0.720830
2116.0000,0.717633
2117.0000,0.718655
2118.0000,0.717969
2119.0000,0.717557
2120.0000,0.718207
2121.0000,0.716087
2122.0000,0.715989
2123.0000,0.717215
2124.0000,0.716195
2125.0000,0.719206
2126.0000,0.718576
2127.0000,0.720882
2128.0000,0.722389
2129.0000,0.724624
2130.0000,0.725167
2131.0000,0.727873
2132.0000,0.728844
2133.0000,0.732403
2134.0000,0.729138
2135.0000,0.734764
2136.0000,0.734750
2137.0000,0.734878
2138.0000,0.736127
2139.0000,0.735565
2140.0000,0.737621
2141.0000,0.740144
2142.0000,0.739331
2143.0000,0.741443
2144.0000,0.741940
2145.0000,0.741238
2146.0000,0.740038
2147.0000,0.740807
2148.0000,0.739203
2149.0000,0.740130
2150.0000,0.742642
2151.0000,0.742347
2152.0000,0.740228
2153.0000,0.736934
2154.0000,0.734027
2155.0000,0.734947
2156.0000,0.735298
2157.0000,0.735201
2158.0000,0.734048
2159.0000,0.733051
2160.0000,0.729397
2161.0000,0.728882
2162.0000,0.723968
2163.0000,0.723609
2164.0000,0.718742
2165.0000,0.714593
2166.0000,0.711476
2167.0000,0.705775
2168.0000,0.705023
2169.0000,0.698179
2170.0000,0.693113
2171.0000,0.687936
2172.0000,0.683014
2173.0000,0.676713
2174.0000,0.668283
2175.0000,0.661425
2176.0000,0.653400
2177.0000,0.645357
2178.0000,0.634418
2179.0000,0.626764
2180.0000,0.617019
2181.0000,0.606606
2182.0000,0.601153
2183.0000,0.590210
2184.0000,0.578444
2185.0000,0.568726
2186.0000,0.561272
2187.0000,0.550870
2188.0000,0.544113
2189.0000,0.531653
2190.0000,0.522845
2191.0000,0.514733
2192.0000,0.506106
2193.0000,0.500975
2194.0000,0.496827
2195.0000,0.491647
2196.0000,0.486945
2197.0000,0.485437
2198.0000,0.480563
2199.0000,0.477813
2200.0000,0.475767
2201.0000,0.478202
2202.0000,0.479033
2203.0000,0.484769
2204.0000,0.486516
2205.0000,0.486206
2206.0000,0.496458
2207.0000,0.501663
2208.0000,0.506757
2209.0000,0.515667
2210.0000,0.521591
2211.0000,0.529386
2212.0000,0.537886
2213.0000,0.546784
2214.0000,0.557026
2215.0000,0.568822
2216.0000,0.577213
2217.0000,0.586912
2218.0000,0.594094
2219.0000,0.603829
2220.0000,0.613071
2221.0000,0.623106
2222.0000,0.630152
2223.0000,0.636749
2224.0000,0.649392
2225.0000,0.655250
2226.0000,0.661121
2227.0000,0.667591
2228.0000,0.675777
2229.0000,0.682735
2230.0000,0.687822
2231.0000,0.690800
2232.0000,0.693388
2233.0000,0.698341
2234.0000,0.702958
2235.0000,0.705600
2236.0000,0.709290
2237.0000,0.709433
2238.0000,0.714149
2239.0000,0.717973
2240.0000,0.718389
2241.0000,0.719154
2242.0000,0.718554
2243.0000,0.720396
2244.0000,0.721588
2245.0000,0.721804
2246.0000,0.721179
2247.0000,0.724977
2248.0000,0.726112
2249.0000,0.725353
2250.0000,0.726806
2251.0000,0.726816
2252.0000,0.727566
2253.0000,0.727100
2254.0000,0.725124
2255.0000,0.723083
2256.0000,0.724475
2257.0000,0.724846
2258.0000,0.728516
2259.0000,0.723632
2260.0000,0.722921
2261.0000,0.725013
2262.0000,0.724325
2263.0000,0.723871
2264.0000,0.724334
2265.0000,0.729299
2266.0000,0.721837
2267.0000,0.724526
2268.0000,0.723215
2269.0000,0.725216
2270.0000,0.723925
2271.0000,0.723023
2272.0000,0.722910
2273.0000,0.723926
2274.0000,0.724059
2275.0000,0.722931
2276.0000,0.720354
2277.0000,0.723997
2278.0000,0.722033
2279.0000,0.723203
2280.0000,0.722859
2281.0000,0.723025
2282.0000,0.719589
2283.0000,0.721696
2284.0000,0.721412
2285.0000,0.721457
2286.0000,0.718982
2287.0000,0.722740
2288.0000,0.720192
2289.0000,0.718878
2290.0000,0.720437
2291.0000,0.719222
2292.0000,0.719419
2293.0000,0.719856
2294.0000,0.718737
2295.0000,0.720867
2296.0000,0.719153
2297.0000,0.720171
2298.0000,0.717006
2299.0000,0.717102
2300.0000,0.718341
2301.0000,0.714046
2302.0000,0.716359
2303.0000,0.718988
2304.0000,0.717877
2305.0000,0.718713
2306.0000,0.716954
2307.0000,0.718827
2308.0000,0.716477
2309.0000,0.716107
2310.0000,0.716970
2311.0000,0.716819
2312.0000,0.717034
2313.0000,0.714825
2314.0000,0.716054
2315.0000,0.714587
2316.0000,0.718866
2317.0000,0.710155
2318.0000,0.713141
2319.0000,0.712679
2320.0000,0.713549
2321.0000,0.712257
2322.0000,0.710420
2323.0000,0.712479
2324.0000,0.706461
2325.0000,0.710927
2326.0000,0.703579
2327.0000,0.705750
2328.0000,0.701699
2329.0000,0.696077
2330.0000,0.697483
2331.0000,0.691400
2332.0000,0.688514
2333.0000,0.679958
2334.0000,0.677230
2335.0000,0.672293
2336.0000,0.667053
2337.0000,0.661148
2338.0000,0.654388
2339.0000,0.647578
2340.0000,0.642285
2341.0000,0.636585
2342.0000,0.629163
2343.0000,0.623112
2344.0000,0.619027
2345.0000,0.615658
2346.0000,0.610351
2347.0000,0.609030
2348.0000,0.604325
2349.0000,0.599134
2350.0000,0.598939
2351.0000,0.602421
2352.0000,0.603204
2353.0000,0.606208
2354.0000,0.609710
2355.0000,0.615484
2356.0000,0.618574
2357.0000,0.621222
2358.0000,0.626246
2359.0000,0.629944
2360.0000,0.638318
2361.0000,0.644557
2362.0000,0.650331
2363.0000,0.655682
2364.0000,0.664814
2365.0000,0.665737
2366.0000,0.666841
2367.0000,0.678796
2368.0000,0.683441
2369.0000,0.683356
2370.0000,0.684472
2371.0000,0.687166
2372.0000,0.689063
2373.0000,0.692773
2374.0000,0.695509
2375.0000,0.696396
2376.0000,0.698575
2377.0000,0.698439
2378.0000,0.701158
2379.0000,0.702950
2380.0000,0.699575
2381.0000,0.701372
2382.0000,0.702301
2383.0000,0.701141
2384.0000,0.700175
2385.0000,0.705495
2386.0000,0.699791
2387.0000,0.699149
2388.0000,0.698012
2389.0000,0.699737
2390.0000,0.701672
2391.0000,0.699263
2392.0000,0.696377
2393.0000,0.700753
2394.0000,0.704837
2395.0000,0.702294
2396.0000,0.699952
2397.0000,0.699144
2398.0000,0.697810
2399.0000,0.698094
2400.0000,0.701614
2401.0000,0.700519
2402.0000,0.698096
2403.0000,0.693191
2404.0000,0.698721
2405.0000,0.698041
2406.0000,0.698228
2407.0000,0.698649
2408.0000,0.693233
2409.0000,0.699458
2410.0000,0.700192
2411.0000,0.694173
2412.0000,0.693085
2413.0000,0.691573
2414.0000,0.694390
2415.0000,0.691279
2416.0000,0.687600
2417.0000,0.688326
2418.0000,0.687832
2419.0000,0.683819
2420.0000,0.688381
2421.0000,0.676746
2422.0000,0.669014
2423.0000,0.673501
2424.0000,0.669632
2425.0000,0.672323
2426.0000,0.664663
2427.0000,0.660805
2428.0000,0.652530
2429.0000,0.654503
2430.0000,0.647456
2431.0000,0.646777
2432.0000,0.638137
2433.0000,0.635953
2434.0000,0.627236
2435.0000,0.630810
2436.0000,0.622289
2437.0000,0.621836
2438.0000,0.621597
2439.0000,0.621761
2440.0000,0.626739
2441.0000,0.627226
2442.0000,0.621071
2443.0000,0.624993
2444.0000,0.626833
2445.0000,0.622927
2446.0000,0.625536
2447.0000,0.632419
2448.0000,0.640361
2449.0000,0.638478
2450.0000,0.645280
2451.0000,0.648705
2452.0000,0.650121
2453.0000,0.653679
2454.0000,0.661461
2455.0000,0.659209
2456.0000,0.659576
2457.0000,0.663166
2458.0000,0.666492
2459.0000,0.668919
2460.0000,0.678349
2461.0000,0.679983
2462.0000,0.684569
2463.0000,0.680796
2464.0000,0.678352
2465.0000,0.679298
2466.0000,0.682371
2467.0000,0.669769
2468.0000,0.683214
2469.0000,0.685040
2470.0000,0.680264
2471.0000,0.687073
2472.0000,0.686090
2473.0000,0.681142
2474.0000,0.688492
2475.0000,0.685969
2476.0000,0.676529
2477.0000,0.686536
2478.0000,0.682837
2479.0000,0.680101
2480.0000,0.680826
2481.0000,0.679746
2482.0000,0.681621
2483.0000,0.681214
2484.0000,0.680359
2485.0000,0.678840
2486.0000,0.679135
2487.0000,0.700001
2488.0000,0.682011
2489.0000,0.674622
2490.0000,0.678885
2491.0000,0.674477
2492.0000,0.674920
2493.0000,0.678195
2494.0000,0.676732
2495.0000,0.680502
2496.0000,0.674905
2497.0000,0.678844
2498.0000,0.683382
2499.0000,0.667718
2500.0000,0.678135
